# ,A+P_1pM-A_1pM,A+P_500pM-A_500pM,A+P_1nM-A_1nM
5.770165059914870653e+02 2.407855657620563150e+01 1.530801749331283013e+01 1.268266964549956199e+01
5.814971130373232882e+02 3.294398408900316610e+01 1.686210001849148910e+01 1.063377808307152428e+01
5.859755551293783356e+02 2.467146402193187527e+01 2.439944017231375994e+01 1.265477413422997621e+01
5.904518334823769692e+02 3.471404788134466202e+01 2.800582517856386744e+01 9.794938297257822057e+00
5.949259493101963017e+02 3.013628434778859955e+01 2.704306877549725030e+01 5.073007463825357277e+00
5.993979038258657965e+02 3.799102918377506199e+01 3.056165265266593778e+01 4.271091788554231883e+00
6.038676982415636303e+02 3.162682112600170470e+01 2.621588115487875115e+01 8.037540559562746267e+00
6.083353337686348823e+02 3.388026225843250216e+01 1.943270859193311040e+01 1.300573981789619715e+01
6.128008116175733448e+02 3.401411870526722936e+01 1.313129030850024925e+01 1.658475555097821186e+01
6.172641329980215232e+02 3.018732156339094530e+01 9.868563577470625958e+00 1.294590735876781018e+01
6.217252991187997395e+02 2.152576490984156266e+01 9.078023303129349131e+00 1.265929982844295409e+01
6.261843111878697528e+02 2.839260528551022844e+01 8.129997781764576104e+00 1.622025088529301939e+01
6.306411704123638629e+02 2.440580619086516379e+01 1.198762552286542515e+01 1.332022011948771301e+01
6.350958779985558067e+02 3.019041920923259426e+01 1.399177382255616919e+01 9.811379457001425664e+00
6.395484351519080519e+02 2.936058578689390330e+01 2.406101895865203133e+01 1.537165871070146927e+01
6.439988430770172272e+02 2.523350377725500238e+01 3.134881729478114210e+01 1.948179837055770491e+01
6.484471029776686919e+02 3.061149297273734149e+01 2.779120875588326456e+01 2.862399196950331515e+01
6.528932160567892424e+02 3.512922497748434125e+01 2.486973668586122699e+01 3.086246997386108504e+01
6.573371835164762160e+02 3.235507613205202659e+01 2.307167370363867320e+01 2.503105582887551606e+01
6.617790065579865768e+02 3.353863375777192601e+01 3.113157849992735748e+01 2.161935205585439590e+01
6.662186863817587437e+02 3.596484966979728881e+01 3.533464442637633596e+01 2.886807298818155587e+01
6.706562241873798484e+02 4.172682392689152664e+01 3.575780593208434510e+01 2.503685633613326900e+01
6.750916211736112018e+02 3.364592057692929217e+01 3.265136278945951176e+01 1.975968055315390259e+01
6.795248785383882932e+02 3.275262741584581505e+01 2.779684804004549648e+01 2.418223335986335343e+01
6.839559974787953252e+02 3.525274809284682220e+01 3.279271637678015594e+01 2.777057872479833733e+01
6.883849791911088687e+02 2.773989942452385904e+01 3.407858305227779283e+01 1.716354483807328535e+01
6.928118248707542080e+02 3.886997424732937390e+01 4.216927557318372521e+01 1.845668550780645134e+01
6.972365357123453578e+02 3.430601146458733552e+01 3.845091624210851933e+01 2.681242313365436658e+01
7.016591129096559598e+02 4.839015251735579426e+01 4.637297215787943827e+01 2.924351870344352733e+01
7.060795576556374726e+02 4.887243553657798856e+01 6.593109733633779967e+01 3.256379662562480348e+01
7.104978711424009816e+02 5.082104369424833124e+01 8.473931516543410680e+01 2.528574341637943235e+01
7.149140545612572168e+02 3.786177467650114181e+01 7.431902771001254848e+01 2.274155720805131153e+01
7.193281091026656213e+02 3.767443290195593875e+01 5.406184190409712187e+01 2.168748730685709702e+01
7.237400359562707308e+02 2.860714354951388572e+01 3.527207191194688818e+01 1.862892615288113518e+01
7.281498363108985359e+02 2.289256346533760578e+01 2.293407822361235304e+01 1.875713805256749112e+01
7.325575113545382919e+02 2.120917881431664043e+01 2.052163202815496135e+01 1.257466209833009607e+01
7.369630622743716231e+02 1.494096407160646756e+01 1.884124681448550831e+01 2.453387355440708006e+01
7.413664902567434183e+02 1.151799931778273489e+01 5.194928181281880164e+00 9.465097881499387356e+00
7.457677964871909353e+02 8.511909592140671776e+00 6.639892090022933679e+00 5.300951382425415304e+00
7.501669821504219726e+02 2.156638821821081464e+00 -2.213506824813785023e+00 -8.964600954076177075e+00
7.545640484303185076e+02 1.412717994180003878e-01 -6.216568849656535001e+00 -1.891957616995780356e+01
7.589589965099658002e+02 -8.217881150570214288e+00 -1.395967722693758795e+01 -1.983621567355553594e+01
7.633518275716050994e+02 -6.104246804728096443e+00 -1.778325533700038363e+01 -2.447950768845948843e+01
7.677425427966772986e+02 -3.710145748996542370e+00 -1.350995057800811772e+01 -1.943116685146410560e+01
7.721311433657974703e+02 6.535905144427374580e+00 -5.106026820628324359e+00 -7.881286199004492232e+00
7.765176304587730556e+02 7.563542794619868559e+00 -4.491363741522179431e+00 -9.699951335895221405e+00
7.809020052545856743e+02 1.135520035369473746e+01 -4.071313598139845724e-01 2.231809832740723643e+00
7.852842689314093150e+02 1.604328261806801237e+01 3.784854082394862207e+00 1.114860904403790443e+01
7.896644226665994211e+02 2.229537534459106141e+01 9.426152600320378383e+00 1.252745265139026465e+01
7.940424676367074426e+02 2.536327391322438984e+01 1.509632841714645402e+01 2.149386142961600754e+01
7.984184050174553704e+02 2.361579344037429351e+01 1.990916318970107568e+01 1.923028241901558744e+01
8.027922359837721160e+02 3.597071556810524129e+01 3.367438194816247687e+01 2.977713413478111448e+01
8.071639617097607697e+02 3.673193148141931630e+01 3.231779158258142814e+01 3.601877192007490436e+01
8.115335833687313425e+02 3.632913678348278097e+01 3.376639983637889486e+01 3.739218869275965318e+01
8.159011021331571101e+02 3.932781279055316048e+01 4.195101095602861818e+01 3.881488770828961066e+01
8.202665191747364588e+02 4.164245062494140370e+01 4.211405683965931246e+01 4.772148317926042438e+01
8.246298356643310399e+02 4.325399176661077405e+01 4.169444473745429747e+01 4.303736534799946156e+01
8.289910527720057871e+02 4.269078722403211401e+01 4.261837215711832982e+01 5.570449486218833357e+01
8.333501716670289170e+02 4.143840780772353583e+01 4.447650319954938425e+01 5.374276977894908924e+01
8.377071935178391868e+02 4.639241212578453144e+01 5.096078206479653261e+01 5.922783910263102314e+01
8.420621194920968264e+02 5.407188065762348828e+01 6.465575462854093303e+01 6.459279583685024306e+01
8.464149507566398825e+02 5.477665760188008193e+01 8.307297392638795941e+01 5.265662142044909899e+01
8.507656884775060462e+02 5.104575479475098376e+01 8.978521801902823540e+01 4.726489046117595905e+01
8.551143338199290156e+02 5.155686023489798231e+01 9.986613877336048972e+01 4.226422942985875153e+01
8.594608879483457713e+02 4.864243162008844479e+01 9.800884102620361205e+01 4.265919139323965226e+01
8.638053520263856626e+02 4.905708164850064890e+01 9.548759859022111129e+01 4.173640738309154585e+01
8.681477272168885975e+02 4.125603068861802569e+01 7.816682159678725839e+01 3.848169522893010708e+01
8.724880146818723006e+02 3.736516428054169126e+01 5.408556050312032681e+01 4.176951896235554784e+01
8.768262155825796071e+02 4.149031626522443617e+01 4.157491548969902340e+01 3.886084078514249995e+01
8.811623310794311692e+02 3.700123711247649538e+01 3.970713336002489768e+01 4.688489140243421360e+01
8.854963623320727493e+02 4.244874754748875034e+01 4.290881361915221248e+01 4.722794388845103697e+01
8.898283104993388406e+02 2.584650147965102462e+01 3.814328609031331752e+01 3.856595922529766796e+01
8.941581767392635811e+02 3.880002340725977916e+01 4.525174057160416652e+01 3.616635279774732226e+01
8.984859622090989433e+02 3.737209780331292563e+01 3.949709508793849011e+01 3.911836048517415065e+01
9.028116680652929062e+02 3.365473089021052289e+01 3.710866522729563854e+01 3.742646487670801037e+01
9.071352954634967318e+02 4.184514787174655481e+01 3.449985974678215683e+01 4.738904457101747170e+01
9.114568455585722404e+02 3.359449722968639662e+01 3.359968994882280668e+01 5.067876725814633687e+01
9.157763195045918110e+02 3.630587050527542914e+01 3.777790629526954547e+01 4.481949076697470247e+01
9.200937184548274672e+02 3.608342477867001463e+01 3.925956062256616974e+01 4.704318225803992704e+01
9.244090435617654293e+02 4.494206428215613158e+01 3.939376807204248365e+01 4.994739233501734788e+01
9.287222959770915622e+02 4.665180462817141205e+01 5.078429735632289521e+01 5.540083137011263403e+01
9.330334768517168413e+02 4.612648113327648502e+01 6.088040479350987511e+01 5.150436033042805661e+01
9.373425873357482487e+02 4.903912547363228214e+01 6.042452350976812880e+01 4.700138249951644553e+01
9.416496285785178770e+02 5.879181121804212751e+01 5.621693582959387214e+01 5.035396527228946439e+01
9.459546017285538255e+02 5.234630927186086069e+01 4.671627183449504628e+01 4.890212853287668082e+01
9.502575079336093040e+02 5.171533798316366415e+01 3.774917396016539328e+01 4.933863108142598008e+01
9.545583483406480809e+02 5.346395327617985060e+01 4.627196690743289054e+01 5.144512546241473672e+01
9.588571240958372073e+02 5.887002646810422135e+01 4.414062021775502842e+01 5.484635376821920971e+01
9.631538363445724826e+02 6.262642958439076324e+01 4.752140076686912096e+01 5.225145262425244397e+01
9.674484862314639031e+02 5.967405427878779278e+01 5.268776276062760644e+01 5.343913839995722270e+01
9.717410749003283854e+02 7.076424385210739842e+01 6.269798944651026318e+01 5.829770480107714548e+01
9.760316034942043188e+02 7.273271943367541326e+01 7.998630788837034800e+01 6.074084390193554839e+01
9.803200731553479272e+02 7.916818904434667559e+01 8.819710005117735818e+01 6.377089293881834209e+01
9.846064850252405449e+02 8.715231054360198470e+01 9.622057702539683532e+01 6.480697201079014746e+01
9.888908402445595129e+02 9.715123325915780583e+01 1.215553141170228031e+02 7.421533253896377857e+01
9.931731399532363866e+02 1.077550366179115997e+02 1.605874333449344533e+02 8.483096936598376203e+01
9.974533852903914521e+02 1.230790917580435604e+02 2.179986019829039208e+02 8.826759513122142664e+01
1.001731577394377382e+03 1.220310261564346348e+02 2.604165204641681157e+02 8.008458519581793666e+01
1.006007717402779235e+03 1.092699272922848053e+02 2.390920399550726074e+02 7.986830781505014443e+01
1.010281806452385354e+03 9.686700294879233297e+01 1.930980275420008070e+02 7.203436057964667327e+01
1.014553845679220103e+03 9.224758624605945556e+01 1.382627823068785915e+02 6.821707274444148084e+01
1.018823836218529323e+03 8.979988978080302786e+01 1.027791405261803988e+02 6.390117796950326579e+01
1.023091779204776685e+03 8.115247829337960184e+01 9.678670684823264025e+01 6.127708814947899185e+01
1.027357675771661889e+03 7.015667457835556320e+01 7.438398531128305535e+01 5.356878650859707847e+01
1.031621527052098827e+03 8.495469340634018351e+01 6.238598556360025782e+01 4.364405207827628885e+01
1.035883334178237419e+03 6.824147045369383591e+01 5.052442608905849397e+01 4.427137781875810418e+01
1.040143098281445418e+03 6.273278763727893903e+01 5.719053416568191039e+01 3.755640257119883074e+01
1.044400820492330240e+03 6.946652027414859276e+01 5.207699419893378945e+01 4.609984370611427806e+01
1.048656501940717135e+03 6.516918927650478111e+01 5.317134304348311247e+01 4.214406989228832856e+01
1.052910143755667377e+03 6.645974888128857572e+01 5.033652023742094883e+01 4.906468369971779708e+01
1.057161747065463715e+03 6.196719606861594087e+01 6.092898683992774522e+01 4.873454523476627287e+01
1.061411312997632194e+03 6.272581573538782607e+01 6.836825388949812066e+01 4.830050302831786979e+01
1.065658842678916699e+03 5.740480647416696058e+01 7.252334505359665684e+01 4.522463998082312742e+01
1.069904337235300773e+03 6.084160465422380071e+01 7.562956525381063955e+01 5.073520633106979716e+01
1.074147797792000347e+03 6.305283389107591319e+01 6.318434756730943036e+01 4.625930351271819774e+01
1.078389225473460101e+03 6.866213011149405077e+01 6.432746417976498776e+01 5.936585680641096729e+01
1.082628621403364377e+03 7.115194896158311622e+01 5.777408952373038886e+01 6.640984783162313931e+01
1.086865986704633542e+03 7.965822522377622761e+01 5.533813632874829835e+01 7.676966028595015246e+01
1.091101322499409434e+03 8.773478261134991385e+01 5.954798782441747562e+01 7.913013159846096300e+01
1.095334629909080832e+03 8.918270024234531945e+01 6.334963844041786984e+01 8.528328602183017892e+01
1.099565910054279811e+03 8.918496322035942114e+01 6.384323258719066985e+01 8.782755893950650261e+01
1.103795164054859924e+03 9.615125774009692350e+01 6.808407266011903403e+01 9.691176856315733801e+01
1.108022393029925297e+03 9.249285369507069277e+01 7.157529186976537972e+01 8.644320628102218507e+01
1.112247598097816081e+03 9.714813123883087087e+01 8.703953866564489772e+01 8.221522412987044959e+01
1.116470780376101175e+03 1.043996255050589070e+02 1.054327613288226786e+02 8.846258632098025032e+01
1.120691940981607331e+03 1.146770055049772878e+02 1.498779086082246010e+02 8.600069768443532325e+01
1.124911081030382775e+03 1.211877804162420063e+02 1.920148556660046495e+02 8.953411057730036759e+01
1.129128201637733582e+03 1.318640553687449710e+02 2.113342270322547449e+02 9.061668807765556721e+01
1.133343303918205493e+03 1.249085238587504421e+02 1.919429182884271938e+02 8.547591505930752476e+01
1.137556388985572994e+03 1.254309121844333674e+02 1.545636497204481543e+02 8.693110314422169438e+01
1.141767457952868426e+03 1.201012230190767553e+02 1.168662102024172924e+02 8.964706807218801998e+01
1.145976511932360154e+03 1.187478863183877422e+02 1.005162896172082156e+02 9.170919359518380531e+01
1.150183552035570756e+03 1.064450612849703646e+02 9.799167321749635562e+01 1.016008247737147627e+02
1.154388579373251559e+03 1.126987926012145778e+02 1.011452968811793056e+02 1.082284876695253217e+02
1.158591595055422658e+03 1.210895832617420353e+02 1.045406597231584698e+02 1.217627293759653213e+02
1.162792600191329257e+03 1.191824707093838498e+02 1.063609431367022182e+02 1.215801929867770212e+02
1.166991595889478049e+03 1.260347244506875199e+02 1.128575224156585932e+02 1.295194263453239500e+02
1.171188583257611754e+03 1.320840108910366837e+02 1.217883856698410341e+02 1.250402454804871297e+02
1.175383563402738218e+03 1.244639430787534167e+02 1.301116114614001162e+02 1.082099543858929280e+02
1.179576537431097677e+03 1.315311907536533909e+02 1.500259931574009045e+02 1.147490782565719627e+02
1.183767506448191853e+03 1.415359928311681017e+02 1.786367302705633335e+02 1.087271912411893027e+02
1.187956471558762132e+03 1.374620936320408191e+02 2.124732676177723647e+02 1.117732221894038531e+02
1.192143433866815030e+03 1.460965467588420097e+02 2.394622102169732045e+02 1.163507091539418354e+02
1.196328394475600362e+03 1.450897388837033759e+02 2.526271052607990555e+02 1.171457456523579737e+02
1.200511354487622157e+03 1.419280663075439861e+02 2.395366759728935051e+02 1.140537736220727680e+02
1.204692315004638658e+03 1.481074879039253176e+02 2.206361441106167263e+02 1.150361727616014633e+02
1.208871277127658686e+03 1.543654447273908374e+02 1.964032376023651238e+02 1.135574387157619327e+02
1.213048241956948914e+03 1.625873593176011696e+02 1.936498764083189599e+02 1.203349262280736838e+02
1.217223210592033865e+03 1.781932798543474519e+02 2.340538763422718489e+02 1.298254515574257368e+02
1.221396184131688642e+03 1.904890648038732763e+02 3.151332096231839159e+02 1.372672023658324179e+02
1.225567163673949835e+03 2.063545499006851571e+02 4.117567719357290912e+02 1.369917118314783409e+02
1.229736150316097337e+03 2.188912425407417004e+02 4.648019531804402504e+02 1.365930765184396591e+02
1.233903145154690719e+03 2.279512066685571767e+02 4.584224505759407862e+02 1.268423786110309379e+02
1.238068149285536492e+03 2.328216310880492586e+02 4.165529104416880841e+02 1.336218624393173116e+02
1.242231163803695381e+03 2.192086047305788838e+02 3.655716184024512359e+02 1.352614427101983097e+02
1.246392189803504152e+03 2.180997182131800969e+02 3.117262731259431803e+02 1.369825048853439853e+02
1.250551228378535598e+03 2.189279514992473992e+02 2.575585529091559920e+02 1.372740916222956287e+02
1.254708280621649465e+03 2.261730455262979831e+02 2.121996422379198748e+02 1.440870281793532968e+02
1.258863347624952439e+03 2.249087099014614637e+02 1.865049460292812569e+02 1.388610105135357173e+02
1.263016430479809060e+03 2.369884642824122807e+02 1.801252930577090581e+02 1.500589020264735609e+02
1.267167530276863545e+03 2.466508596302164449e+02 1.814346465944047395e+02 1.504234237189260739e+02
1.271316648106014327e+03 2.474164043921962559e+02 1.920867193816737313e+02 1.496012886074344976e+02
1.275463785056417692e+03 2.389982712711691306e+02 1.835897075333063242e+02 1.654413485700256956e+02
1.279608942216509604e+03 2.410740254401422646e+02 1.728801513709280187e+02 1.650166002109629630e+02
1.283752120673980244e+03 2.318888034440384160e+02 1.477627227154505363e+02 1.665759634769518129e+02
1.287893321515792195e+03 2.238748101904833163e+02 1.455269395978747582e+02 1.646756431064698916e+02
1.292032545828165894e+03 2.193889841560822731e+02 1.663981231712320152e+02 1.567473844680379500e+02
1.296169794696605095e+03 2.199645802496878559e+02 1.776634579710550668e+02 1.598628415070053563e+02
1.300305069205864129e+03 2.267647178239453183e+02 1.890102764490398783e+02 1.610241609608867464e+02
1.304438370439980645e+03 2.247499610870778781e+02 2.055519936925261675e+02 1.635958270700953676e+02
1.308569699482253782e+03 2.265312382694331461e+02 2.059586988944410280e+02 1.525544456141740000e+02
1.312699057415255083e+03 2.300243104526788045e+02 2.127430495583880941e+02 1.470478703489261818e+02
1.316826445320828498e+03 2.332878680199337396e+02 2.169124782478532723e+02 1.539308567246776818e+02
1.320951864280083100e+03 2.351572013724710359e+02 2.137471168074439447e+02 1.534805492897878310e+02
1.325075315373411286e+03 2.402793091553216982e+02 2.186011117826317900e+02 1.510709595154275462e+02
1.329196799680463300e+03 2.506460844165389972e+02 2.135751456917490714e+02 1.511549988809220508e+02
1.333316318280176347e+03 2.571613260343413572e+02 1.989029933513078277e+02 1.444768352667234410e+02
1.337433872250752756e+03 2.710491618050388638e+02 1.729670172520223730e+02 1.434254338496803882e+02
1.341549462669674540e+03 2.689446048419399631e+02 1.576729202002933050e+02 1.504599684124175099e+02
1.345663090613696113e+03 2.738201364058213585e+02 1.617047766655046814e+02 1.500019774555744050e+02
1.349774757158851571e+03 2.749830311224952766e+02 1.892243844627263059e+02 1.572294320443349704e+02
1.353884463380443776e+03 2.762052785466714226e+02 2.292967590949865837e+02 1.591710083540301355e+02
1.357992210353058908e+03 2.917890949215207570e+02 3.130541739132104340e+02 1.618118739192794635e+02
1.362097999150562828e+03 3.089587798793699562e+02 4.024116437779587727e+02 1.828285955832595278e+02
1.366201830846093799e+03 3.300290376144100151e+02 4.561213372541348576e+02 1.975250469265498623e+02
1.370303706512066128e+03 3.625051528073303189e+02 4.544901752969768722e+02 2.030533119159877913e+02
1.374403627220191993e+03 3.866413171276377625e+02 4.692796530147314797e+02 1.907898070766206899e+02
1.378501594041441422e+03 4.267839414586742350e+02 5.399231577840462251e+02 1.713643338842115043e+02
1.382597608046078676e+03 4.466745715818522626e+02 6.343242071673522560e+02 1.642584298693548703e+02
1.386691670303644059e+03 4.507873184600456966e+02 7.227195778341932737e+02 1.365003822220351992e+02
1.390783781882961193e+03 4.157516311427443725e+02 7.357034545582641840e+02 1.045320231079328863e+02
1.394873943852140656e+03 3.623748861172240936e+02 6.938481159212279863e+02 8.635382948846199724e+01
1.398962157278572704e+03 2.985388332500189108e+02 5.863514189358792237e+02 8.737271023102901779e+01
1.403048423228927277e+03 2.674169060170403895e+02 4.959523134312706816e+02 1.191525408364385612e+02
1.407132742769168544e+03 2.484440905832174451e+02 4.114705162900421556e+02 1.404932749367301028e+02
1.411215116964540357e+03 2.567522806510820033e+02 3.567398222197800237e+02 1.626947883582083421e+02
1.415295546879566245e+03 2.670518352690007191e+02 3.109439120075668370e+02 1.717708687993838623e+02
1.419374033578071248e+03 2.586946846770279649e+02 2.588835135839663621e+02 1.905710740238930043e+02
1.423450578123156447e+03 2.582399722433599436e+02 2.075044461067203656e+02 1.975066657028051509e+02
1.427525181577209878e+03 2.469972193179316662e+02 1.717479280576937697e+02 1.989236421950658098e+02
1.431597845001921087e+03 2.510066702796338802e+02 1.593645757114524883e+02 2.004918023975774020e+02
1.435668569458244747e+03 2.539453018892962461e+02 1.538442415000149310e+02 2.132915306474707506e+02
1.439737356006455229e+03 2.469667916181136889e+02 1.627936522120935479e+02 2.114493542095370344e+02
1.443804205706092034e+03 2.386081433666578562e+02 1.786178398791684856e+02 2.166018555246408255e+02
1.447869119615992531e+03 2.303809426773184157e+02 1.935817175674079920e+02 1.964594937782104864e+02
1.451932098794295598e+03 2.287794768209949723e+02 2.026698208273188015e+02 1.972226698863716763e+02
1.455993144298416155e+03 2.067289927904789124e+02 2.039467821011666331e+02 2.013340088453044814e+02
1.460052257185077906e+03 2.018500428613862709e+02 1.916779776357202536e+02 2.011213699479968113e+02
1.464109438510287873e+03 2.002587524162890986e+02 1.750234471763351678e+02 2.114025798624773245e+02
1.468164689329343673e+03 2.090592325832031690e+02 1.684117498593533071e+02 2.389984984854827132e+02
1.472218010696848069e+03 2.179079322700929424e+02 1.420552780502201813e+02 3.015704356612337165e+02
1.476269403666690778e+03 2.212425415945720601e+02 1.318491777011909960e+02 3.372699327385042807e+02
1.480318869292063027e+03 2.312066282274450089e+02 1.236582678145033043e+02 3.320430243903436462e+02
1.484366408625450276e+03 2.271139064719409077e+02 1.255549599610604616e+02 2.739190040717149373e+02
1.488412022718632215e+03 2.438103313718873437e+02 1.432140563980234447e+02 2.452072334711099018e+02
1.492455712622686406e+03 2.352347243911104044e+02 1.574786649830505212e+02 2.195022507483221261e+02
1.496497479387995554e+03 2.487177769604099922e+02 1.818204547353782630e+02 2.173572874477243886e+02
1.500537324064229324e+03 2.464874669983636579e+02 1.940113491307932634e+02 2.119664905569549944e+02
1.504575247700366162e+03 2.466447623534242268e+02 1.858426298050545142e+02 2.228735903667163143e+02
1.508611251344682387e+03 2.370655760797488938e+02 1.582896628570142923e+02 2.224314718457049764e+02
1.512645336044755823e+03 2.351058236047304888e+02 1.390523929118673152e+02 2.268520532827215845e+02
1.516677502847462165e+03 2.426695962901420671e+02 1.325605089398047483e+02 2.289094369890761129e+02
1.520707752798978618e+03 2.436344072648302017e+02 1.271249496555600018e+02 2.201476155629665357e+02
1.524736086944794806e+03 2.387434626827177908e+02 1.167499190516402763e+02 2.202938501802405540e+02
1.528762506329683674e+03 2.449639375778621115e+02 1.264371159186266738e+02 2.235129971320011748e+02
1.532787011997741502e+03 2.495193877819340003e+02 1.499373976037881846e+02 2.292997829685611464e+02
1.536809604992358800e+03 2.573458031891368591e+02 1.767592006070991602e+02 2.294765271172122993e+02
1.540830286356234865e+03 2.585875831090408496e+02 1.852701368242811952e+02 2.317118825403398432e+02
1.544849057131366862e+03 2.526523857002456168e+02 1.869015069813172545e+02 2.257684338125610850e+02
1.548865918359071657e+03 2.533177769617948059e+02 1.599320505178853580e+02 2.294681397653187389e+02
1.552880871079963981e+03 2.528352447776640304e+02 1.701847266026746297e+02 2.465946901370390947e+02
1.556893916333956440e+03 2.503047355832179903e+02 1.783245371890587876e+02 2.653503380463940289e+02
1.560905055160292250e+03 2.484151732123797274e+02 1.781419755016048327e+02 2.505048769264732016e+02
1.564914288597505220e+03 2.637887099290433639e+02 1.874660224635301518e+02 2.374273295279953118e+02
1.568921617683437944e+03 2.653338537076093644e+02 1.948953848032986116e+02 2.066931124366125800e+02
1.572927043455256353e+03 2.747102914476465685e+02 2.123834645563071319e+02 2.142258717163736037e+02
1.576930566949424247e+03 2.745231595097166633e+02 2.301418200060018080e+02 2.056314518890694387e+02
1.580932189201725123e+03 2.857374348134006254e+02 2.580628187650300447e+02 2.166669140767895385e+02
1.584931911247243988e+03 2.741270939728473763e+02 2.839994410757000765e+02 2.367690466279101997e+02
1.588929734120381909e+03 2.623197121315281493e+02 2.732030106140655903e+02 2.699110406436927860e+02
1.592925658854856010e+03 2.505445649390434255e+02 2.296021906810837550e+02 2.856208925714211091e+02
1.596919686483695841e+03 2.502492811447273482e+02 1.805445677448915376e+02 2.786351725280375717e+02
1.600911818039239733e+03 2.340342362728158321e+02 1.443994645006566486e+02 2.698231162216902703e+02
1.604902054553149355e+03 2.301074843638371306e+02 1.221055210784603844e+02 2.551580219697486882e+02
1.608890397056387883e+03 2.273316183928763792e+02 1.132460318816727920e+02 2.475417700535021481e+02
1.612876846579249104e+03 2.120110342633929577e+02 1.075791608650781228e+02 2.419795067888216522e+02
1.616861404151328315e+03 1.997860075406335909e+02 1.220217846992385091e+02 2.466087096691766476e+02
1.620844070801551425e+03 2.041447143209768456e+02 1.296838279500176725e+02 2.494381788699625702e+02
1.624824847558149486e+03 2.060541860418165925e+02 1.294852735543534550e+02 2.542774186596025174e+02
1.628803735448684165e+03 1.975949446354606494e+02 9.893957567689258781e+01 2.377221479709033929e+02
1.632780735500022274e+03 1.901541795119505593e+02 8.923202677550143846e+01 2.278655273032411230e+02
1.636755848738361237e+03 1.861467024386535343e+02 8.080029244764723728e+01 2.224904617573918131e+02
1.640729076189203624e+03 1.840678345550572317e+02 7.944699732434834516e+01 2.030662702232650076e+02
1.644700418877393531e+03 1.807619025061060256e+02 7.893420225705280302e+01 1.859374069899468793e+02
1.648669877827076562e+03 1.777182616822903185e+02 7.833748207754040038e+01 1.805118353431759601e+02
1.652637454061725293e+03 1.698201202100904936e+02 7.509035129036819001e+01 1.618913201972145544e+02
1.656603148604146554e+03 1.625025570284922765e+02 7.307989017759616956e+01 1.561530656528987606e+02
1.660566962476448680e+03 1.665637825981039555e+02 7.652224171115888396e+01 1.625910671410663042e+02
1.664528896700074256e+03 1.552137402954166419e+02 6.937697957385681491e+01 1.519552050401470638e+02
1.668488952295792842e+03 1.520020289053342140e+02 6.849237242857512342e+01 1.475049852868674805e+02
1.672447130283693696e+03 1.485886777691011673e+02 7.148893307962551091e+01 1.378494476859682152e+02
1.676403431683196686e+03 1.412330736123042527e+02 6.992512286718297787e+01 1.445671160714752546e+02
1.680357857513030467e+03 1.439362843433389685e+02 6.993376598985868497e+01 1.465185749794498804e+02
1.684310408791276132e+03 1.331376003015356559e+02 6.808855448612497696e+01 1.402456655100525040e+02
1.688261086535312643e+03 1.359872679640001252e+02 7.142221245745990643e+01 1.320782111786585062e+02
1.692209891761871404e+03 1.345442570772205499e+02 6.944265114926250249e+01 1.350303054627619872e+02
1.696156825486996240e+03 1.300657586864654718e+02 7.374525155096803530e+01 1.297141456230800998e+02
1.700101888726057950e+03 1.309029076782153993e+02 7.205413599397446944e+01 1.338129155268914303e+02
1.704045082493768859e+03 1.253671500637068021e+02 7.289954817908554219e+01 1.254392023567303340e+02
1.707986407804171904e+03 1.224992099225390092e+02 6.951322294377858668e+01 1.283992147039604106e+02
1.711925865670611529e+03 1.204164574695068666e+02 6.727139840000742765e+01 1.199610251830527261e+02
1.715863457105802809e+03 1.196652674609659641e+02 6.903289310076939955e+01 1.216785163832506811e+02
1.719799183121762326e+03 1.188090176643408284e+02 7.130503224814815155e+01 1.195949830593993255e+02
1.723733044729855465e+03 1.170543459065349907e+02 6.734589648662647221e+01 1.187943158750601071e+02
1.727665042940763669e+03 1.162419329826370245e+02 6.855609941381104022e+01 1.113553752189556718e+02
1.731595178764520824e+03 1.126972996503438509e+02 6.067614486581829425e+01 1.190500788007603745e+02
1.735523453210484149e+03 1.116196457331658820e+02 5.726923963652374283e+01 1.161617984975417386e+02
1.739449867287337838e+03 1.138942624655296072e+02 5.973494432355089856e+01 1.165049824599343395e+02
1.743374422003114887e+03 1.142135521874485562e+02 5.996947581715688358e+01 1.144863928519263681e+02
1.747297118365171627e+03 1.058732127281624997e+02 6.145755817282200439e+01 1.103682987705948619e+02
1.751217957380213193e+03 1.081944608085422175e+02 6.086884719831140700e+01 1.113255835159630749e+02
1.755136940054264414e+03 1.087528507860811118e+02 6.646547309910936008e+01 1.099203565532851457e+02
1.759054067392702564e+03 9.990364859561655919e+01 5.169319346748356026e+01 1.067905697053203511e+02
1.762969340400239162e+03 1.063018130469888263e+02 6.175062446425506124e+01 1.140147132635167253e+02
1.766882760080909065e+03 1.044259877440829030e+02 5.648837577396277965e+01 1.072958169449327670e+02
1.770794327438106848e+03 1.011278971366747044e+02 5.519430705048083041e+01 1.120128301692697050e+02
1.774704043474554055e+03 9.761974866531807038e+01 5.422734884010364453e+01 1.031209641547994522e+02
1.778611909192313760e+03 9.983105598392924662e+01 5.815648994142600259e+01 1.110430116724920708e+02
1.782517925592790561e+03 1.001739770780430803e+02 5.791542730637364400e+01 1.184089923555302875e+02
1.786422093676730583e+03 1.008651102244683671e+02 5.782235504249956648e+01 1.161611076325872176e+02
1.790324414444217837e+03 1.005599563212834937e+02 5.795568509071327412e+01 1.149048891465906479e+02
1.794224888894688775e+03 9.573318644548443501e+01 5.498011740984864559e+01 1.123524006834988711e+02
1.798123518026903184e+03 9.096917937186667302e+01 5.979160995528776823e+01 1.086085907206735754e+02
1.802020302838984207e+03 9.395541809596295479e+01 5.629010633787970619e+01 1.158552198936375390e+02
1.805915244328385597e+03 9.376310809510130184e+01 5.429279113357994646e+01 1.127727849879062774e+02
1.809808343491909909e+03 9.572669948107719051e+01 5.044474988251573677e+01 1.132253756981813950e+02
1.813699601325704862e+03 9.126385686113438567e+01 5.512817710075642452e+01 1.017974011870601032e+02
1.817589018825263338e+03 9.633813384347250519e+01 5.949096147213506214e+01 1.109160842395080522e+02
1.821476596985423384e+03 9.671632210771333860e+01 6.017540097197124993e+01 1.150008319500845033e+02
1.825362336800371850e+03 9.333713932496409882e+01 5.629905151465152358e+01 1.130503126315383327e+02
1.829246239263637108e+03 1.000799445286783538e+02 5.599453857625802300e+01 1.119812791589496044e+02
1.833128305368103611e+03 8.807983871215638771e+01 5.093481220990454261e+01 1.067869574066219798e+02
1.837008536105993699e+03 9.296564183217827804e+01 5.480542876261709750e+01 1.025802191432915436e+02
1.840886932468885789e+03 9.163775007850290422e+01 5.615642365945254966e+01 1.055656426710802833e+02
1.844763495447707101e+03 8.295801860479157597e+01 5.283396205199242246e+01 1.071027530732677491e+02
1.848638226032730017e+03 9.484696917949622730e+01 5.292186273369424043e+01 1.091713752827226642e+02
1.852511125213586638e+03 9.182400720314912235e+01 5.385120116653360611e+01 1.114800327244963256e+02
1.856382193979243311e+03 8.516656304708293135e+01 5.067726552422780628e+01 1.024919733301224483e+02
1.860251433318037016e+03 9.086481656777898763e+01 5.170704173972867324e+01 1.115826519470145968e+02
1.864118844217649894e+03 8.211932968994555893e+01 4.895482503168805977e+01 1.056088701583202862e+02
1.867984427665101975e+03 9.017964639204365085e+01 5.363667038008203036e+01 1.073776337485221859e+02
1.871848184646791196e+03 8.628397699381739017e+01 5.208802473470586847e+01 1.020849087646578823e+02
1.875710116148453380e+03 8.494619347383380159e+01 4.972217068635465864e+01 1.057639686294926662e+02
1.879570223155180429e+03 8.212647312005199751e+01 5.282268520466458028e+01 9.907617746609422227e+01
1.883428506651423959e+03 8.992961704604763895e+01 5.181534388119315793e+01 1.047931594376587583e+02
1.887284967620988027e+03 8.629179695904906566e+01 5.613248578344984452e+01 9.961747039619696409e+01
1.891139607047029131e+03 7.987091767448599455e+01 5.137848897325181241e+01 9.881759397393111044e+01
1.894992425912063482e+03 8.522734934160453690e+01 5.226321455941752703e+01 9.955163857276177453e+01
1.898843425197974284e+03 8.340974798807143031e+01 5.256914565900825664e+01 1.033884461208245540e+02
1.902692605885975354e+03 7.763287308662653174e+01 5.122416282322973302e+01 9.583793565528520730e+01
1.906539968956665689e+03 7.213382928100108415e+01 5.045839313343923749e+01 9.098968774267504500e+01
1.910385515389993088e+03 8.300660709624526135e+01 4.787520278995970813e+01 9.595681401185480297e+01
1.914229246165257791e+03 8.045384028541209886e+01 5.157923691661727617e+01 9.286507618594944802e+01
1.918071162261134305e+03 7.547073062282191813e+01 4.364397865835724843e+01 9.374439138581533371e+01
1.921911264655638661e+03 7.984758518716546405e+01 5.068533087184889041e+01 9.176910389034868842e+01
1.925749554326172074e+03 8.288856274489606335e+01 5.090011150210725788e+01 9.156642143249865740e+01
1.929586032249462733e+03 8.234001959535179083e+01 4.666576458739839239e+01 9.907673590880865788e+01
1.933420699401642196e+03 7.713405990349522767e+01 4.968372711908807560e+01 9.640121978130906655e+01
1.937253556758165359e+03 7.476459805978386441e+01 4.586408589651408363e+01 9.228731657928865673e+01
1.941084605293879576e+03 7.294446847240462262e+01 5.390261351207848151e+01 9.170181974087172705e+01
1.944913845982981002e+03 7.118300986556435817e+01 4.919390044035401388e+01 9.427311836649330701e+01
1.948741279799029144e+03 7.476090181452231320e+01 4.631609481610510670e+01 1.023966779009682710e+02
1.952566907714954141e+03 6.896738606474106348e+01 4.784182955829155048e+01 9.954093952541309420e+01
1.956390730703045847e+03 6.789933114260051639e+01 4.364296722539636875e+01 9.284762796776232108e+01
1.960212749734964746e+03 7.085056309783253425e+01 4.446377602567115872e+01 9.122326115925544343e+01
1.964032965781734674e+03 7.212605692811089853e+01 4.444341741078012120e+01 9.634439365011886025e+01
1.967851379813746462e+03 7.026118924798645082e+01 4.774927562860978725e+01 9.381351415826080142e+01
1.971667992800757929e+03 6.646277328513839677e+01 4.434920775168400553e+01 9.871829217663444922e+01
1.975482805711897527e+03 7.698067272630491686e+01 4.459713689239247003e+01 9.209386930202641963e+01
1.979295819515653420e+03 6.610972578564577873e+01 4.439938464043204647e+01 8.871632536040597472e+01
1.983107035179898958e+03 6.872271756859478842e+01 4.209149458188525017e+01 9.119524103780328517e+01
1.986916453671852651e+03 6.293584626408381411e+01 4.241636023427746238e+01 8.835897680429015111e+01
1.990724075958125468e+03 6.663453557193976451e+01 4.446121077488018614e+01 8.881168259726457848e+01
1.994529903004688094e+03 5.754292425623113871e+01 3.964385951897081384e+01 8.521849640752016342e+01
1.998333935776889120e+03 6.009004352302545726e+01 4.654553184380682040e+01 8.625604432737900140e+01
2.002136175239433214e+03 6.324343797829386915e+01 4.383888838833176749e+01 8.034087500349258448e+01
2.005936622356417502e+03 6.080627314789729354e+01 4.357809275735372978e+01 8.030139134776602816e+01
2.009735278091291548e+03 6.804205394297936493e+01 4.407530329006009140e+01 8.541302777706140148e+01
2.013532143406893738e+03 5.408282661621121434e+01 3.644510427729908741e+01 7.225995882027811490e+01
2.017327219265433087e+03 6.185702693873123792e+01 4.029170660404153637e+01 8.576934956738018911e+01
2.021120506628485600e+03 6.637597756068234389e+01 4.026384029024254829e+01 8.392251827929918306e+01
2.024912006457008829e+03 5.854814925869536069e+01 4.092831491844574288e+01 8.713370251907124953e+01
2.028701719711334590e+03 5.430170229185529251e+01 4.031819194909412829e+01 8.813479230770165884e+01
2.032489647351161693e+03 6.345471315549379199e+01 4.191614157056798007e+01 8.545394618972231626e+01
2.036275790335574129e+03 5.661119475843174342e+01 4.017651107482080164e+01 7.826690041929397523e+01
2.040060149623033794e+03 5.525945913415680621e+01 4.083829541062011970e+01 8.550629362294753832e+01
2.043842726171373215e+03 5.444562352646820358e+01 3.883407586790722377e+01 7.930272623332631099e+01
2.047623520937810099e+03 6.176481146314918647e+01 3.677625779509888559e+01 7.664444532613156014e+01
2.051402534878940060e+03 5.712556519403606359e+01 3.606388132547067471e+01 7.218667591070233414e+01
2.055179768950722064e+03 5.454018534041901489e+01 3.642312553889394877e+01 7.497844757421286488e+01
2.058955224108518451e+03 5.378890885345914796e+01 4.255423642656393923e+01 7.411710699688276804e+01
2.062728901307051274e+03 5.729382862914574304e+01 3.215584542501556342e+01 7.239891610393145527e+01
2.066500801500435045e+03 5.838879550867650892e+01 3.778675477909205682e+01 7.813699556232391785e+01
2.070270925642158545e+03 5.334452336295295538e+01 3.409412857923955187e+01 7.357280722462387246e+01
2.074039274685099372e+03 4.657596848181798066e+01 3.270487243392059895e+01 7.202597138840845048e+01
2.077805849581505754e+03 4.682282208374948596e+01 3.362677545758504749e+01 7.035319030863649914e+01
2.081570651283022016e+03 5.122084630572526720e+01 2.940948120673840904e+01 7.515759465915628823e+01
2.085333680740666750e+03 5.005508395163813873e+01 3.324370710273600338e+01 6.286463555994424723e+01
2.089094938904836454e+03 5.243283089146499520e+01 3.739770618834879912e+01 7.303307545811487955e+01
2.092854426725330995e+03 4.630979225454321124e+01 3.212737052857550424e+01 7.850968023979307020e+01
2.096612145151320874e+03 4.707841498845118622e+01 3.614590284535331932e+01 7.071907827945895519e+01
2.100368095131350856e+03 5.798700678071710968e+01 3.263644692379615719e+01 7.209513926347618451e+01
2.104122277613376355e+03 5.166264646444155773e+01 3.545992309054990699e+01 7.220914235780190893e+01
2.107874693544723414e+03 5.375659243507536189e+01 3.470944721419803614e+01 6.940218430739406585e+01
2.111625343872110534e+03 4.193937588475363754e+01 3.060010528794345319e+01 6.855761412513581377e+01
2.115374229541637760e+03 4.988230947432879248e+01 2.983582045909015079e+01 7.108821948422280457e+01
2.119121351498793956e+03 4.457337544290800935e+01 3.395893727915334637e+01 6.463822463200018831e+01
2.122866710688460444e+03 4.917204687662703577e+01 3.458259352055100067e+01 7.225607093798805636e+01
2.126610308054907364e+03 4.489335998604980915e+01 3.154750065937372838e+01 6.856845582872317379e+01
2.130352144541782764e+03 4.133572249250948971e+01 3.561312617788686197e+01 7.453840703530632084e+01
2.134092221092141699e+03 5.071030818228671677e+01 4.012595292680442327e+01 7.431005783409351295e+01
2.137830538648413494e+03 4.889904407306365641e+01 3.515718956159835074e+01 7.208752836735237679e+01
2.141567098152430844e+03 4.663930746547426054e+01 3.210112896886808187e+01 6.929757059754194870e+01
2.145301900545411627e+03 4.602495239778639302e+01 3.182744496867969630e+01 6.767318584643764723e+01
2.149034946767962538e+03 5.090277893519893837e+01 3.043654634399733894e+01 7.023855986685059349e+01
2.152766237760090007e+03 4.408376129605480287e+01 2.757291873943491112e+01 6.452789133118693599e+01
2.156495774461189285e+03 4.399731552218509023e+01 3.571611975198104005e+01 7.119662612519853440e+01
2.160223557810040802e+03 4.312464814826986981e+01 3.233178942419110768e+01 6.807055569010952922e+01
2.163949588744835637e+03 4.531735820170910500e+01 2.837365892962722569e+01 6.599021258059461559e+01
2.167673868203146412e+03 4.176860911674824450e+01 3.207505708581687998e+01 6.648830703979042767e+01
2.171396397121941845e+03 4.121519589887799384e+01 2.362295971014536633e+01 6.117411480940777579e+01
2.175117176437597664e+03 4.537177320443084483e+01 3.655042949352424841e+01 6.424331276818961101e+01
2.178836207085863862e+03 4.192944254449740527e+01 3.203655828221689461e+01 6.531837034194934688e+01
2.182553490001904720e+03 4.354128355397927663e+01 3.246933430361767137e+01 6.371237747335418078e+01
2.186269026120276976e+03 4.401469066989850631e+01 3.334473711347305169e+01 6.232550668890348078e+01
2.189982816374929826e+03 5.143935857174997750e+01 3.088486584758507902e+01 6.481350859423410782e+01
2.193694861699215835e+03 3.815278696528514502e+01 2.838471675894681923e+01 5.669078798149521958e+01
2.197405163025883667e+03 5.088030357400909054e+01 3.144403601746367016e+01 6.252713321757931908e+01
2.201113721287078079e+03 4.654154478307199128e+01 3.473262745020166165e+01 6.334686894507892418e+01
2.204820537414347200e+03 4.776233881463134878e+01 2.765987686566142756e+01 5.786610666506675926e+01
2.208525612338642532e+03 4.639083499011828593e+01 2.927486192354465899e+01 6.326885906981488716e+01
2.212228946990300756e+03 4.116176397085945382e+01 2.349076243944927356e+01 5.709498121304966389e+01
2.215930542299076478e+03 4.115555687714958566e+01 3.154961952496962496e+01 6.370994695222996995e+01
2.219630399194116762e+03 4.105507010707190574e+01 3.246308405270733743e+01 6.236319563676443778e+01
2.223328518603972043e+03 3.923655465010740073e+01 2.474623169299396253e+01 5.928264907817864326e+01
2.227024901456596126e+03 3.561356186971821813e+01 2.838295935721537333e+01 5.726639636476404149e+01
2.230719548679346190e+03 3.171680420198052985e+01 2.432654803718383363e+01 5.733968609450456455e+01
2.234412461198975507e+03 3.407377531042597951e+01 2.853818961571365875e+01 6.049838175802541684e+01
2.238103639941655274e+03 3.201434522753675083e+01 2.886157048485270948e+01 5.924147431480248827e+01
2.241793085832941870e+03 3.545104255116065417e+01 2.454501528640749441e+01 5.433624307165806044e+01
2.245480799797816871e+03 3.291097241229242343e+01 2.853174984232159161e+01 6.372118446033896078e+01
2.249166782760654314e+03 3.093449685805652294e+01 2.600621641983635612e+01 5.912424644122017980e+01
2.252851035645231605e+03 3.297050909447337119e+01 2.412246595291537687e+01 5.109977496512500039e+01
2.256533559374744073e+03 3.111828445738713711e+01 2.672612515020448853e+01 5.100758162208993696e+01
2.260214354871786782e+03 2.815932776378309299e+01 2.307941221102398899e+01 5.646259339411252398e+01
2.263893423058365443e+03 2.736460105472670179e+01 2.403148493459132595e+01 5.039629240431964519e+01
2.267570764855885500e+03 3.464590941464751950e+01 2.410156025698023896e+01 5.826934603283714864e+01
2.271246381185163045e+03 2.425795765358997969e+01 2.459217828289555285e+01 5.352011956300252393e+01
2.274920272966439370e+03 3.239497387717095478e+01 2.347244513646455388e+01 5.531722584716988678e+01
2.278592441119337309e+03 2.401770676126485782e+01 2.209717427749196261e+01 5.696750432832092770e+01
2.282262886562908534e+03 3.327018403439081595e+01 3.072112588383277654e+01 5.677643879300346441e+01
2.285931610215611727e+03 2.393425532691798807e+01 2.456583721168206935e+01 4.960355915132113580e+01
2.289598612995312578e+03 2.837055803589768033e+01 2.348377671236169562e+01 4.907638369869336259e+01
2.293263895819294703e+03 2.467643859159820963e+01 2.559484426189619555e+01 4.667778444390557979e+01
2.296927459604237811e+03 3.084701964938344787e+01 2.780663006315047170e+01 5.959533641113974056e+01
2.300589305266250449e+03 2.985420141781082037e+01 2.820702701564788129e+01 4.849964656681911634e+01
2.304249433720851812e+03 2.951084342005488281e+01 2.333006051233002154e+01 4.446956664025214678e+01
2.307907845882964466e+03 3.238854818815167391e+01 2.468411474306744324e+01 5.670688123759885713e+01
2.311564542666932539e+03 3.170584242726730295e+01 2.523142281014239430e+01 5.384311146178518470e+01
2.315219524986510805e+03 2.527204513547560438e+01 2.199551350782303771e+01 4.735710713386970383e+01
2.318872793754871964e+03 2.761888211596786036e+01 2.242130114952516706e+01 5.054737171012312302e+01
2.322524349884595722e+03 3.209838204406048590e+01 3.018110315632551988e+01 5.311149272446299108e+01
2.326174194287694263e+03 2.506085549745592189e+01 1.465216717115998080e+01 4.774225605910968540e+01
2.329822327875568590e+03 2.525599273068771566e+01 2.519576888861350028e+01 4.408586975438871747e+01
2.333468751559066732e+03 2.672821348692192345e+01 2.120086443199740600e+01 5.883177552696761126e+01
2.337113466248432815e+03 2.876404700267248415e+01 2.304648858157199953e+01 5.116255586871957917e+01
2.340756472853336163e+03 2.764992554945301606e+01 2.027927651664893105e+01 4.749040174294196248e+01
2.344397772282860387e+03 2.919907181890277315e+01 2.191224675080550455e+01 4.459625937204247492e+01
2.348037365445517935e+03 2.438698234448068192e+01 2.006062178988086586e+01 4.568239735195517426e+01
2.351675253249220987e+03 2.479510318922079293e+01 2.048453599963513483e+01 4.494841323386190624e+01
2.355311436601317837e+03 2.958870359936808114e+01 1.971896563684226322e+01 4.782513433707360662e+01
2.358945916408571065e+03 2.771551420132882271e+01 2.448596652270183327e+01 4.531866972394719539e+01
2.362578693577164813e+03 2.484877951950949182e+01 2.711783378074074946e+01 4.696981966764440131e+01
2.366209769012701145e+03 2.673443282103521668e+01 2.280440453127387812e+01 4.726212290905526459e+01
2.369839143620207324e+03 3.112103187667413096e+01 2.136033380398747283e+01 4.641831065797784106e+01
2.373466818304124899e+03 2.910250469544032725e+01 2.688687818839857968e+01 3.992133169599335929e+01
2.377092793968327896e+03 2.370353468409867048e+01 2.095277800784172939e+01 4.927273786455841531e+01
2.380717071516104625e+03 2.081839383356486195e+01 2.136097806113798825e+01 4.441830982109934922e+01
2.384339651850175869e+03 2.065674795165227806e+01 2.129864648136706862e+01 4.477351400827093642e+01
2.387960535872676701e+03 2.468520137541399961e+01 1.691921326762461320e+01 4.367502649557573591e+01
2.391579724485167390e+03 2.768058538741809826e+01 1.723053483577271905e+01 3.911087210202662590e+01
2.395197218588640681e+03 3.210828146723424226e+01 1.788865319005571308e+01 5.072033111750187118e+01
2.398813019083507243e+03 2.978215149541850337e+01 2.129945971616754008e+01 4.796504833043706384e+01
2.402427126869602944e+03 2.608650797281174505e+01 1.325382081997737060e+01 4.854781252614061771e+01
2.406039542846192489e+03 2.841330341070348808e+01 1.876180473073252131e+01 4.631966477046435671e+01
2.409650267911973060e+03 2.594295866125037264e+01 1.170613584669970741e+01 4.492133497369222539e+01
2.413259302965057941e+03 2.499948247951202873e+01 1.317165595904839570e+01 3.361148575414301121e+01
2.416866648902991074e+03 2.647190622054102604e+01 1.048371504101516294e+01 4.337434447237391311e+01
2.420472306622747055e+03 2.456655873510169386e+01 7.516201079740626234e+00 4.117741120092770757e+01
2.424076277020725684e+03 2.976883312757801292e+01 4.465131026329294706e+00 4.249195281632496801e+01
2.427678560992762868e+03 2.671495310738349005e+01 1.978693690861059062e+00 3.464190435764721343e+01
2.431279159434114263e+03 2.118857716268357905e+01 1.976044685288118385e+00 3.447100738466886583e+01
2.434878073239467994e+03 2.394964171684843635e+01 3.985518768189476368e+00 3.382272099882958827e+01
2.438475303302950124e+03 2.575844574152826638e+01 6.849549848211291092e+00 3.292894405522511647e+01
2.442070850518111911e+03 2.329080433185625409e+01 3.978996880892882615e+00 3.934947082914798244e+01
2.445664715777924357e+03 2.075880046642626198e+01 9.341011556380793834e+00 3.973955427282336927e+01
2.449256899974816406e+03 1.877226448955194371e+01 9.305536680450741116e+00 3.935852000277923679e+01
2.452847404000622191e+03 2.322501369127287418e+01 1.458360300293058209e+01 4.000010845720464658e+01
2.456436228746624693e+03 2.557418130163659598e+01 1.440220862565693061e+01 3.453854351008714474e+01
2.460023375103539365e+03 2.560456224477737308e+01 1.297970995385234794e+01 4.820281752715376200e+01
2.463608843961505045e+03 1.834288310003868361e+01 1.003552886658060572e+01 3.783609180756641877e+01
2.467192636210103956e+03 1.996317795764510095e+01 1.433734244087280629e+01 3.933032580720130511e+01
2.470774752738350799e+03 2.118433288386645685e+01 1.117055495286017042e+01 4.239119511081671732e+01
2.474355194434692748e+03 2.173719051080247411e+01 1.453674011626132767e+01 3.418032170972581696e+01
2.477933962187013094e+03 2.033195708661668988e+01 1.209135971634670348e+01 3.860285345560458126e+01
2.481511056882633056e+03 1.970519268472168051e+01 6.787305648663477520e+00 3.799211545170354043e+01
2.485086479408311789e+03 2.198634316894683849e+01 1.763907526212108579e+01 3.603755567274000526e+01
2.488660230650240919e+03 1.927158167440859060e+01 1.288735262907575319e+01 2.942171823304114398e+01
2.492232311494048190e+03 2.413452934359761315e+01 1.000247670877359596e+01 3.664909412185458848e+01
2.495802722824801094e+03 1.990413759290006723e+01 1.328630601962464830e+01 3.750980395652045729e+01
2.499371465527012333e+03 2.672863299733609210e+01 1.026531641990614752e+01 3.890489188011306254e+01
2.502938540484617988e+03 2.302641574597668495e+01 1.124408745994980308e+01 3.780304581302119260e+01
2.506503948581013901e+03 2.309197079830033417e+01 1.659720911772409835e+01 3.570520282724552175e+01
2.510067690699013838e+03 2.685445029445562071e+01 9.380887193865943274e+00 3.667317774968689292e+01
2.513629767720884047e+03 2.086077727926797820e+01 1.574011536597194905e+01 3.528358682701565385e+01
2.517190180528332348e+03 1.542023641160980141e+01 9.791766872673955291e+00 3.103769986244452639e+01
2.520748930002500856e+03 1.989470676297893093e+01 1.171978652303774915e+01 4.053858385930229957e+01
2.524306017023975073e+03 1.344954692520186867e+01 6.734759423444831583e+00 2.873544673483194956e+01
2.527861442472789349e+03 2.425986510054271506e+01 9.971135005584553568e+00 4.265968062795251825e+01
2.531415207228405052e+03 2.670975270279735270e+01 1.777048499355275624e+01 4.046334256932414064e+01
2.534967312169745128e+03 2.869119494638212942e+01 1.255269473075248499e+01 4.587389939154095231e+01
2.538517758175159543e+03 2.286543127282568477e+01 1.245711947981802581e+01 3.982557414480507418e+01
2.542066546122454383e+03 1.996791411807704719e+01 1.056289819351628267e+01 3.400946997266538574e+01
2.545613676888868213e+03 1.898428804433580197e+01 9.265500029370214108e+00 3.110148631945422437e+01
2.549159151351093897e+03 2.485317075268574172e+01 1.833874431809712391e+01 3.474300253449099785e+01
2.552702970385265871e+03 2.239411116992106443e+01 1.348650211884010020e+01 4.018941094635727751e+01
2.556245134866961962e+03 1.539992758817329488e+01 1.471385319833296101e+01 3.040721243068473001e+01
2.559785645671208840e+03 2.617463790578884186e+01 1.618536706345201637e+01 4.013858475259275593e+01
2.563324503672482024e+03 1.932437213034299006e+01 1.893654829826107999e+01 4.165916498279883484e+01
2.566861709744693144e+03 1.741216956942249183e+01 1.579207720344503052e+01 3.364163979049703812e+01
2.570397264761215411e+03 1.390582263710217603e+01 7.933979152855130224e+00 3.692344197861940103e+01
2.573931169594858147e+03 1.993814257383814947e+01 1.205260663203608473e+01 3.604352018562397575e+01
2.577463425117883162e+03 1.930459651556214951e+01 1.267149878674527130e+01 4.175741678599690943e+01
2.580994032202004746e+03 2.803711518944835746e+01 1.736772177882337331e+01 4.556553602152464322e+01
2.584522991718378762e+03 2.180571924802640638e+01 1.088937952500006467e+01 3.989104952898190248e+01
2.588050304537622651e+03 1.591729619766205950e+01 9.014695606018692686e+00 3.604461393415393644e+01
2.591575971529786329e+03 2.204245316303622815e+01 1.199938428387685363e+01 3.526898673449949939e+01
2.595099993564388569e+03 2.432315113722738076e+01 1.359227815073632151e+01 4.162138639110784766e+01
2.598622371510382436e+03 2.168911366831924781e+01 1.062418173359495199e+01 3.652343430997817109e+01
2.602143106236180756e+03 2.314248710094963002e+01 1.682440416261811222e+01 3.670287740957677158e+01
2.605662198609650659e+03 1.491043784957146556e+01 1.326536713641369403e+01 4.338419628127057592e+01
2.609179649498111758e+03 2.333997999265746870e+01 1.112196680660374071e+01 3.406579931803808137e+01
2.612695459768327055e+03 2.251190155142110072e+01 1.271358431018547286e+01 3.961269370058884220e+01
2.616209630286521133e+03 2.400265490748939712e+01 1.712438212434120288e+01 3.809306307733356789e+01
2.619722161918365600e+03 2.465887038004616372e+01 1.980560145314352738e+01 3.253922311022402170e+01
2.623233055528993646e+03 1.886289042266566796e+01 1.400348719826799915e+01 3.351669597803586953e+01
2.626742311982990941e+03 2.318140777946874564e+01 1.065860332997925219e+01 3.298303981025339482e+01
2.630249932144395643e+03 2.210534045524692814e+01 1.481104293714822084e+01 3.508342511317184176e+01
2.633755916876698393e+03 2.621593706288693326e+01 1.604528362852918377e+01 3.558323534455378478e+01
2.637260267042853229e+03 2.165206235636257404e+01 1.076322968244832978e+01 3.407345954434930491e+01
2.640762983505264856e+03 2.635931489316020304e+01 1.417539919240260460e+01 3.768750044352307782e+01
2.644264067125795918e+03 2.681829342630359392e+01 1.204241320123984238e+01 4.338838886708501974e+01
2.647763518765767003e+03 2.666476693971508283e+01 1.226455945315511187e+01 4.271562765494447689e+01
2.651261339285954818e+03 2.078766031324682828e+01 8.540456786838831249e+00 3.375007652174173955e+01
2.654757529546597652e+03 2.191747654063756912e+01 8.176266751043772985e+00 3.854264262573772726e+01
2.658252090407386277e+03 2.376507709126864398e+01 1.117565291968560004e+01 4.117680951922842070e+01
2.661745022727476680e+03 1.935856760354884543e+01 9.309288747920634322e+00 3.736026582774682225e+01
2.665236327365477337e+03 2.399485210897936227e+01 1.123510805556299808e+01 3.723587902076200606e+01
2.668726005179461936e+03 2.555763962942815226e+01 1.544459351786241719e+01 3.497673830884698276e+01
2.672214057026967566e+03 2.334766339931768542e+01 1.175358163743269735e+01 4.523164568473442415e+01
2.675700483764980163e+03 3.329842663770077138e+01 1.925568262051426061e+01 4.948366110891708303e+01
2.679185286249956334e+03 2.841000624829390375e+01 1.405617884438807863e+01 4.549286487833372661e+01
2.682668465337812449e+03 3.179613238019296872e+01 2.149468284287927133e+01 4.405149738043616736e+01
2.686150021883920999e+03 2.295361754748747174e+01 2.288359223388712849e+01 4.501617058880511024e+01
2.689629956743128787e+03 2.916274273156242458e+01 2.624741732408362438e+01 4.598522223589652924e+01
2.693108270769733281e+03 3.244776270267425389e+01 2.753914666905415487e+01 4.983828862573197682e+01
2.696584964817502623e+03 2.527391298504759121e+01 2.313803584597987140e+01 5.322394797298222358e+01
2.700060039739666536e+03 3.024935516632695354e+01 2.446673964904521981e+01 4.982204521498276506e+01
2.703533496388916319e+03 2.612102050805787101e+01 2.693817267856019626e+01 5.066411845971021677e+01
2.707005335617408491e+03 3.248810164631122177e+01 2.813979491244575826e+01 5.224123530956838124e+01
2.710475558276773882e+03 3.350694901633870160e+01 2.452145649697497731e+01 5.706197938939275360e+01
2.713944165218092166e+03 3.339291166200947458e+01 2.590358468212601295e+01 5.624452540310857529e+01
2.717411157291920972e+03 2.539569696791665265e+01 2.483386943628694610e+01 5.982502255153345772e+01
2.720876535348279504e+03 2.899687920402882924e+01 2.864120804425933287e+01 5.623569755140621140e+01
2.724340300236659459e+03 3.258413580461962056e+01 3.065252117566002710e+01 6.476318500015142376e+01
2.727802452806010479e+03 3.398372399897192508e+01 2.773237813192958257e+01 5.805754632539238713e+01
2.731262993904756513e+03 3.352807550185233509e+01 2.502874609163843900e+01 5.470120133987112609e+01
2.734721924380786731e+03 2.861067354153316700e+01 2.803191091318428008e+01 5.391788319894489945e+01
2.738179245081459158e+03 2.977697353333537578e+01 2.991351853141151196e+01 5.201064292206756789e+01
2.741634956853600670e+03 2.906072795571833822e+01 2.253266884695259620e+01 4.821753214364456142e+01
2.745089060543510641e+03 2.510100459639115655e+01 2.732192964770323229e+01 4.622369320233418932e+01
2.748541556996953659e+03 2.407789248008017324e+01 2.592522638490088482e+01 5.542761149090769379e+01
2.751992447059163169e+03 2.798290576476234293e+01 2.536175100061080911e+01 5.044641242198605369e+01
2.755441731574852383e+03 2.380569642121343676e+01 2.465017551036130428e+01 5.300099370034832447e+01
2.758889411388192457e+03 2.366758525388578605e+01 2.149491866749955804e+01 5.106864637314978239e+01
2.762335487342834313e+03 2.008165018820949399e+01 2.104094719163014915e+01 5.554408595373089952e+01
2.765779960281901367e+03 2.201991733108914318e+01 2.666722030032764579e+01 5.467312695343636619e+01
2.769222831047985892e+03 2.551606715735352893e+01 2.754419642778562149e+01 5.642085914566354177e+01
2.772664100483154471e+03 2.665457820757595897e+01 3.037722598778542960e+01 5.921372243971411820e+01
2.776103769428944361e+03 2.541620447646375425e+01 2.481442834582573198e+01 5.671418827293736342e+01
2.779541838726372589e+03 3.499318219098761773e+01 2.778511672787864129e+01 5.792076082219914213e+01
2.782978309215917761e+03 2.120739357166973349e+01 2.746889605574062543e+01 5.312017289256936436e+01
2.786413181737550985e+03 2.590825711094132799e+01 3.057922331763469259e+01 5.465638955710531377e+01
2.789846457130699491e+03 3.194852889864998247e+01 3.589040845294502446e+01 5.769716822503337283e+01
2.793278136234281192e+03 3.270304722320633317e+01 3.929144082822894291e+01 6.240929261168832198e+01
2.796708219886673760e+03 3.257019949237643175e+01 3.905478227360803345e+01 6.019392134854503240e+01
2.800136708925752828e+03 2.736078570133452104e+01 4.612500228810262115e+01 6.744216070107667349e+01
2.803563604188850150e+03 3.078612041838934488e+01 4.190356070960123702e+01 6.363256615239125580e+01
2.806988906512780886e+03 3.516600497654129498e+01 5.230998103379989317e+01 7.859113633241686614e+01
2.810412616733839968e+03 3.284887249606087067e+01 5.259923484730393284e+01 7.276296425293566017e+01
2.813834735687800276e+03 3.227944426229123565e+01 5.190632810577150735e+01 8.177259619549703018e+01
2.817255264209909001e+03 3.723545017597952977e+01 5.844007889358459806e+01 8.619900211818907110e+01
2.820674203134894924e+03 3.420829944809275958e+01 6.640113292144847890e+01 9.474461191915005998e+01
2.824091553296966595e+03 4.342490714602212165e+01 7.478096327168367452e+01 1.095610797715335281e+02
2.827507315529812331e+03 5.061578508932176845e+01 7.773147216055585318e+01 1.320993758419410256e+02
2.830921490666594764e+03 4.448056207125575412e+01 8.571696974513783118e+01 1.521872237070910501e+02
2.834334079539961749e+03 4.588355824919800341e+01 9.500296511349742445e+01 1.690011160144386224e+02
2.837745082982040913e+03 4.989944119754361651e+01 1.038026363937278091e+02 2.058113938039719528e+02
2.841154501824437830e+03 5.136099798892658441e+01 1.120825694766205203e+02 2.227633840671604162e+02
2.844562336898250578e+03 6.027768490361573583e+01 1.192058905671362794e+02 2.441429313406588051e+02
2.847968589034042452e+03 6.091897321280876554e+01 1.326250818431768437e+02 2.558560537358876843e+02
2.851373259061874705e+03 5.927924807075611824e+01 1.426563745415850804e+02 2.523774001402742044e+02
2.854776347811275627e+03 6.556989611627709280e+01 1.523324652190109134e+02 2.677744674355230927e+02
2.858177856111273286e+03 6.695003306766550111e+01 1.657778552112233967e+02 2.767537373250368091e+02
2.861577784790370060e+03 7.430470070495259449e+01 1.790149284854236384e+02 2.825040884366828209e+02
2.864976134676553556e+03 6.423112359061094878e+01 1.914024171877014453e+02 2.941352445861956539e+02
2.868372906597291149e+03 6.870684281827669793e+01 1.966656951385879211e+02 2.966246603381483169e+02
2.871768101379546351e+03 6.979760738196905834e+01 2.000402570104543258e+02 2.916924202078564008e+02
2.875161719849758811e+03 4.996894241720322327e+01 1.935240747986214558e+02 2.761055904750065224e+02
2.878553762833857036e+03 4.066625624591068089e+01 1.759354619933068591e+02 2.534398687093474223e+02
2.881944231157254762e+03 3.246323302761039287e+01 1.571106618726351201e+02 2.288821432387807988e+02
2.885333125644852771e+03 1.973266881805947648e+01 1.410580688767683455e+02 2.287377368534952211e+02
2.888720447121037068e+03 2.382202675718679430e+01 1.372916745126032367e+02 2.279752678261523329e+02
2.892106196409682525e+03 2.490897902199930414e+01 1.320129184403406839e+02 2.387956686527528802e+02
2.895490374334152875e+03 4.563659792991433761e+01 1.501165801466592598e+02 2.610981966446539104e+02
2.898872981717302537e+03 5.946562738579861218e+01 1.801274080206482324e+02 2.849984721960042862e+02
2.902254019381462058e+03 7.488312445949753737e+01 1.942533813309938751e+02 3.126729190882526268e+02
2.905633488148463584e+03 8.922592914240492235e+01 2.114976456137253251e+02 3.210266828786717497e+02
2.909011388839626306e+03 1.030457618859092150e+02 2.193883196056095244e+02 3.356937552189489793e+02
2.912387722275756460e+03 1.044869150292459636e+02 2.279344717922714665e+02 3.346546976242265714e+02
2.915762489277149143e+03 1.041165330223250578e+02 2.226478552585866737e+02 3.303820287218961198e+02
2.919135690663593778e+03 9.466866395570399106e+01 2.057339657414994747e+02 3.011296960726364773e+02
2.922507327254370466e+03 8.698760450106919961e+01 1.913922424250656036e+02 2.810843418546650128e+02
2.925877399868246357e+03 7.539297806984185968e+01 1.715073942605658885e+02 2.477829635297514699e+02
2.929245909323484739e+03 6.340528568864169046e+01 1.485109286890715055e+02 2.068517227708788937e+02
2.932612856437841401e+03 4.447942012662623767e+01 1.208365892177055088e+02 1.654674793623182723e+02
2.935978242028559180e+03 1.861166012023824123e+01 8.778396333566304577e+01 1.233016382266790316e+02
2.939342066912380687e+03 -6.361747002069384926e+00 6.342337837958822888e+01 7.029804875957610477e+01
2.942704331905541039e+03 -2.263887354877227054e+01 4.489265456988368896e+01 3.930130865464431622e+01
2.946065037823762395e+03 -3.541888223478828479e+01 2.302988144795771319e+01 8.779242995009601813e+00
2.949424185482272151e+03 -4.224132806027002118e+01 8.617975538881902153e+00 -1.078157992143971677e+00
2.952781775695777469e+03 -4.902895735352665696e+01 -4.019365874635003166e+00 -1.152213941392751906e+01
2.956137809278496206e+03 -4.327090103919689312e+01 -1.693690754845957613e+01 -2.260815121984861165e+01
2.959492287044131444e+03 -3.709653219849608519e+01 -1.446744602374833555e+01 -1.697674920038405944e+01
2.962845209805886043e+03 -2.806244884695795250e+01 -1.886956923365466920e+01 -4.025656774263893567e+00
2.966196578376460820e+03 -1.663739506034380966e+01 -1.659041114087546376e+01 -6.051509700091130206e+00
2.969546393568047279e+03 -1.286131516064340019e+01 -1.893893436653547369e+01 2.807615066821185668e+00
2.972894656192336697e+03 -8.922002497558981560e+00 -1.507705169420944991e+01 1.488907146461388642e+01
2.976241367060516495e+03 3.491159563251974074e+00 -1.075797987075585027e+01 2.147528842067929844e+01
2.979586526983284784e+03 8.003833130551656794e+00 -5.868715991548359767e+00 2.720747828260471479e+01
2.982930136770815807e+03 1.607093901393841762e+01 1.806008143414136846e+00 3.342768428547211101e+01
2.986272197232794497e+03 2.412435367048295731e+01 6.374666258683610032e+00 3.833081782208300581e+01
2.989612709178407385e+03 2.919405022471270073e+01 6.734707520712735374e+00 5.401778115608421160e+01
2.992951673416335325e+03 2.970055080603316711e+01 1.085054072792469171e+01 5.591637318451248717e+01
2.996289090754760764e+03 3.626614352385928441e+01 1.799886407843586866e+01 6.132847602795111186e+01
2.999624962001367749e+03 3.452510237110992364e+01 1.508660685352731967e+01 5.820954249202183917e+01
3.002959287963336465e+03 2.856535551345425716e+01 9.930474939885881369e+00 5.830298584701900921e+01
3.006292069447352333e+03 3.532175391536139841e+01 1.274723896951039315e+01 5.448162973816358345e+01
3.009623307259598732e+03 3.848594005138537000e+01 2.443684643754824748e+01 6.067325641488972110e+01
3.012953002205766097e+03 3.514650105997874618e+01 2.111654741492056075e+01 6.096803853146664665e+01
3.016281155091046458e+03 3.746806223751309517e+01 2.225203978598410970e+01 6.406696734995793463e+01
3.019607766720124346e+03 3.711191982310489834e+01 2.753678043186456748e+01 6.031112613656102184e+01
3.022932837897200443e+03 3.689934505434645473e+01 3.339504636088277323e+01 6.425668497583939143e+01
3.026256369425966113e+03 3.991107324638276310e+01 3.543744887309370739e+01 7.582625796160164100e+01
3.029578362109630689e+03 4.267914203198609613e+01 3.498000667809697006e+01 6.896712966279415014e+01
3.032898816750897822e+03 3.582203387649794735e+01 3.690365181040338172e+01 7.513767959230604276e+01
3.036217734151978220e+03 4.039881182066680054e+01 4.784492451016423331e+01 8.743473566276006181e+01
3.039535115114587825e+03 3.958262581544933312e+01 5.994613886846060780e+01 9.744190088006865835e+01
3.042850960439945993e+03 5.248702588107050104e+01 7.796669444088146861e+01 1.136898048152662852e+02
3.046165270928780956e+03 4.805401515355180209e+01 8.876968476254609186e+01 1.239914934570000895e+02
3.049478047381326178e+03 6.239262780533530162e+01 9.898225888399259986e+01 1.386131738150371859e+02
3.052789290597322179e+03 5.688087970210931132e+01 1.061884549836409519e+02 1.287606154966939584e+02
3.056099001376011074e+03 5.161711523782879141e+01 1.005905703881460909e+02 1.122891250101041294e+02
3.059407180516152948e+03 5.045643020232234477e+01 9.109912257594410789e+01 9.531652351165850234e+01
3.062713828816004025e+03 4.711101399668181955e+01 7.392504844758678928e+01 7.981967334486452614e+01
3.066018947073331219e+03 3.241780276257657789e+01 5.406886637355282943e+01 6.092037884458239461e+01
3.069322536085419415e+03 2.836409987851849124e+01 4.104949808009315149e+01 5.693066759472903726e+01
3.072624596649049636e+03 2.354815686159605193e+01 2.809417088925317429e+01 5.026145547010857939e+01
3.075925129560522691e+03 2.024287394496996484e+01 1.307674162199093182e+01 4.478394260280855121e+01
3.079224135615639170e+03 2.224723191145038470e+01 1.048811786662762913e+01 4.066062605840235022e+01
3.082521615609713990e+03 2.082305592833062491e+01 1.009494531066661516e+01 3.287079747501949356e+01
3.085817570337580037e+03 1.828709026179322450e+01 2.615136312126942197e+00 4.077708954255008678e+01
3.089112000593568155e+03 1.835116780006116244e+01 3.639722445961356190e+00 3.487315905085750245e+01
3.092404907171527157e+03 6.012666513134725221e+00 -7.523879749546613205e+00 2.813100563837866730e+01
3.095696290864818366e+03 1.116367733687970087e+01 -5.814706623667577290e+00 3.140441582715119750e+01
3.098986152466308340e+03 1.770919054096349754e+01 -5.785103332782758123e+00 2.962049055457168123e+01
3.102274492768388882e+03 1.142784940981760045e+01 -1.098560263501637735e+01 2.615674151684220305e+01
3.105561312562947933e+03 9.717990434741608397e+00 -1.089634287356618536e+01 2.772809607919926478e+01
3.108846612641398679e+03 9.069745741215276880e+00 -9.087108201748026914e+00 2.474184364963027249e+01
3.112130393794663178e+03 1.070289983065729444e+01 -1.045502022672109987e+01 2.431636407515610188e+01
3.115412656813181457e+03 6.535512276920204755e+00 -1.055361087066649262e+01 2.116608948833394166e+01
3.118693402486900595e+03 4.045361374792198816e+00 -4.772620481364397094e+00 1.182979049475800970e+01
3.121972631605287461e+03 2.710368088813037257e+00 -1.533650658151940327e+01 1.969405216577835560e+01
3.125250344957325069e+03 7.505177331563767318e+00 -1.150251153152020400e+01 1.829263090286723425e+01
3.128526543331505309e+03 3.090500816778956938e+00 -1.486840874000025003e+01 1.159482754733825516e+01
3.131801227515841674e+03 6.381385100833266932e+00 -1.428072057290580510e+01 1.193417911857782165e+01
3.135074398297861990e+03 4.002891049032562876e+00 -1.349415442541495835e+01 8.330679454657746064e+00
3.138346056464612047e+03 1.551675773709372264e+00 -1.107214752645733036e+01 1.828522275279463116e+01
3.141616202802651969e+03 1.815360807529322829e+00 -1.675218823518132183e+01 3.416126255008043788e+00
3.144884838098059845e+03 1.403287737763438736e+00 -1.593615307474815701e+01 1.443922933592660129e+01
3.148151963136433551e+03 9.607724495589428093e-01 -2.034091029493577452e+01 1.086754869242055577e+01
3.151417578702883475e+03 5.474139118616503374e+00 -1.788888977133455427e+01 1.861315953681999247e+01
3.154681685582052523e+03 -6.013415968590842375e+00 -1.838997065996685620e+01 1.146800214797757356e+01
3.157944284558083382e+03 -1.829742688981216947e+00 -1.744594518350602286e+01 1.427098530651087493e+01
3.161205376414647617e+03 -1.157211154832264444e-01 -1.603769461989493550e+01 5.812876794326629515e+00
3.164464961934936582e+03 -1.707074414884392821e+00 -1.633767703951205874e+01 8.429865468089349889e+00
3.167723041901659599e+03 -3.308224715002406668e+00 -1.710757660436456007e+01 1.197555091534468907e+01
3.170979617097054870e+03 -2.545763663592051973e+00 -1.055457828985394464e+01 7.141812203050256436e+00
3.174234688302862196e+03 -3.800174185301329555e+00 -1.627590385112441496e+01 1.150434420463878915e+01
3.177488256300361172e+03 -3.950695365037656615e+00 -1.770366807887057448e+01 9.165036519652598912e+00
3.180740321870343905e+03 -9.372012530351438997e+00 -1.835202485125369876e+01 6.763043148725055964e+00
3.183990885793122288e+03 -3.366109897793356787e+00 -2.078420116541487417e+01 1.316351883802615141e+01
3.187239948848542554e+03 -7.544489633510123028e+00 -2.185700437879761537e+01 9.901821142222399175e+00
3.190487511815957987e+03 -5.810742398488565996e+00 -1.920466183474976418e+01 6.727076644319201826e+00
3.193733575474259851e+03 -8.854295264943640831e+00 -2.018129711430619011e+01 9.346448848546131671e+00
3.196978140601842824e+03 -4.508058608933411371e+00 -2.311578907242548198e+01 6.606692467871906338e+00
3.200221207976646838e+03 -6.825001581165825115e+00 -1.573388456623205833e+01 1.396532688397063460e+01
3.203462778376122515e+03 -8.104665106822160681e+00 -1.907882730988094622e+01 7.909323789133156701e+00
3.206702852577249359e+03 -1.260071104337872949e+00 -1.682497861000523898e+01 9.979623179296872593e+00
3.209941431356530302e+03 -6.768822557716279498e+00 -2.235681529391720446e+01 8.728136937529798800e+00
3.213178515489997153e+03 -4.608301882234028035e+00 -1.827090964907786130e+01 5.611396406504030487e+00
3.216414105753201511e+03 -3.841406945410555718e+00 -1.388322583771854468e+01 1.188437312822679459e+01
3.219648202921227494e+03 -2.699117243215016337e+00 -1.539530565385124028e+01 8.486423910653121183e+00
3.222880807768675368e+03 -8.788617731386354492e+00 -1.592564449964463513e+01 9.587762948494619408e+00
3.226111921069683376e+03 -7.511725209325520680e+00 -2.207746640915849667e+01 5.702093623005334067e+00
3.229341543597907730e+03 -6.141290893905052783e+00 -1.938398465243880864e+01 1.214715795366210749e+01
3.232569676126540799e+03 -7.523636951334395029e+00 -1.956599466620176742e+01 7.106146485076488828e-01
3.235796319428296556e+03 -5.933062480066681132e+00 -2.229585024768040213e+01 1.488679756091060069e+00
3.239021474275417859e+03 -7.043665325651525144e+00 -2.254770436423629221e+01 -5.908370267917359087e+00
3.242245141439676445e+03 -8.025232209799021632e+00 -2.486659531354283814e+01 -3.595910173220186579e+00
3.245467321692374753e+03 -1.715900868056483475e+01 -2.696169307021826356e+01 -7.624703449053889415e+00
3.248688015804342285e+03 -1.416077234984878253e+01 -2.547159123189234009e+01 -7.095053528604683635e+00
3.251907224545935605e+03 -1.173366288124944568e+01 -2.850091222805439628e+01 -1.067307719696156276e+01
3.255124948687054712e+03 -1.655648131905189757e+01 -3.115022611653576945e+01 -1.586412744343318870e+01
3.258341188997110294e+03 -1.411529096437631914e+01 -3.477104379059822037e+01 -8.729582847457944439e+00
3.261555946245054656e+03 -1.365967665861938407e+01 -3.045937015834227424e+01 -1.300989833429936304e+01
3.264769221199370804e+03 -1.328594705545197918e+01 -3.203507070045010607e+01 -1.917840144478865128e+01
3.267981014628076082e+03 -1.603150839529359217e+01 -3.377956279721421851e+01 -1.891580460363267946e+01
3.271191327298711258e+03 -1.328843155693099831e+01 -2.961887575436973208e+01 -1.685112523670139240e+01
3.274400159978356896e+03 -1.692282532861255362e+01 -3.351843012813063183e+01 -1.416907712801486596e+01
3.277607513433620625e+03 -1.596309688070964228e+01 -3.604574782239004094e+01 -1.500186935352762596e+01
3.280813388430642590e+03 -1.224520715172809915e+01 -3.265231460336243430e+01 -1.827193449645922030e+01
3.284017785735104553e+03 -1.877751761079231230e+01 -3.463045775190168740e+01 -1.964331624611218174e+01
3.287220706112215339e+03 -1.793001596908183615e+01 -2.756913955355922496e+01 -1.716435328432191909e+01
3.290422150326719930e+03 -1.472246836130149461e+01 -2.947513873939035989e+01 -1.325416620143567137e+01
3.293622119142890369e+03 -1.624305949499012414e+01 -2.876248826531091396e+01 -1.731122460111462047e+01
3.296820613324543956e+03 -1.620342068153460602e+01 -2.769736189248499869e+01 -1.333379765235959091e+01
3.300017633635030506e+03 -4.555483773856598084e+00 -2.721761908942252717e+01 -9.395268639153051993e+00
3.303213180837230539e+03 -1.584506111552593488e+01 -2.924445534439258410e+01 -9.632279992425932136e+00
3.306407255693564366e+03 -1.524538746550946122e+01 -2.940040918344747922e+01 -1.478323226617874298e+01
3.309599858965983003e+03 -1.333574736058073640e+01 -2.388476191989206043e+01 -1.434260080011426908e+01
3.312790991415986355e+03 -1.398645338253366610e+01 -3.009108749316254006e+01 -1.223454147904852896e+01
3.315980653804597750e+03 -1.488867391612066271e+01 -2.670993684900869169e+01 -1.258687087582428177e+01
3.319168846892389411e+03 -1.590073695079187210e+01 -3.261357512492068622e+01 -9.705948022805809927e+00
3.322355571439458799e+03 -1.269847442077492161e+01 -2.202088429831724881e+01 -1.454251876716566549e+01
3.325540828205446815e+03 -1.648735488016571082e+01 -2.662125915065833937e+01 -1.268783287207179455e+01
3.328724617949537787e+03 -1.390042733782951423e+01 -3.371796820732067346e+01 -1.337820056396857815e+01
3.331906941430446750e+03 -1.721684829302535746e+01 -2.944323426110253905e+01 -1.063082734955418829e+01
3.335087799406435806e+03 -1.566829498043923863e+01 -2.940677062143915066e+01 -9.560771531860993377e+00
3.338267192635301399e+03 -1.735357272331355105e+01 -2.960581431099852878e+01 -1.631995538095900500e+01
3.341445121874377946e+03 -1.902792507481690620e+01 -2.928054736560486404e+01 -1.635551865986381870e+01
3.344621587880539664e+03 -1.701101741145521018e+01 -2.806511842354867525e+01 -1.506922269680753601e+01
3.347796591410213296e+03 -1.613863498442302458e+01 -3.084146311659158712e+01 -1.466183567411654209e+01
3.350970133219350828e+03 -1.686692720008493396e+01 -3.563275895305320518e+01 -9.350734910112944220e+00
3.354142214063449501e+03 -1.466551511566030008e+01 -3.367114062783468853e+01 -1.106012191675650946e+01
3.357312834697555445e+03 -2.139003011212330208e+01 -3.654053063390370681e+01 -1.748668108649676611e+01
3.360481995876249130e+03 -1.824525058218718954e+01 -3.319711564568166295e+01 -1.384084323473743794e+01
3.363649698353658096e+03 -2.456398552071069474e+01 -3.812918725904690831e+01 -1.976975707052836384e+01
3.366815942883446041e+03 -1.976916818839612588e+01 -3.410896296069271472e+01 -1.805621555422399638e+01
3.369980730218827375e+03 -1.836817742519386698e+01 -3.618013383436802144e+01 -1.827304335607658459e+01
3.373144061112556301e+03 -2.814315940172723884e+01 -3.949489377826676417e+01 -2.124110305655543840e+01
3.376305936316930456e+03 -2.555188489324693535e+01 -3.382930214320146689e+01 -2.138636885569869506e+01
3.379466356583785455e+03 -3.171663968289673008e+01 -3.993489362528811171e+01 -1.686757794146221556e+01
3.382625322664518535e+03 -3.295964853002675454e+01 -4.138516718792291016e+01 -2.436038981433548400e+01
3.385782835310048540e+03 -3.253019022482064315e+01 -4.442886808445437907e+01 -3.013771758569114922e+01
3.388938895270861394e+03 -4.247112796981477345e+01 -4.378395062669817150e+01 -2.911135745964510235e+01
3.392093503296973722e+03 -3.176490019910087526e+01 -4.406105610974706366e+01 -2.755005039290893976e+01
3.395246660137956496e+03 -3.468306430906048377e+01 -4.440915849294457729e+01 -2.856203933017316388e+01
3.398398366542915028e+03 -3.702238709758860580e+01 -4.723676540396484569e+01 -3.165063757125169630e+01
3.401548623260518070e+03 -3.051762986248966314e+01 -4.603157401762396717e+01 -2.557385581804858532e+01
3.404697431038965078e+03 -3.383689961892152098e+01 -4.446395856091492504e+01 -2.758272027089325107e+01
3.407844790626018948e+03 -3.991168851225469894e+01 -5.031911963438879098e+01 -3.174335366067283104e+01
3.410990702768969641e+03 -4.389834980558162414e+01 -5.022592521246998842e+01 -3.247371512621229073e+01
3.414135168214674195e+03 -3.864912648116130356e+01 -5.338656042998905349e+01 -3.960852279987395264e+01
3.417278187709531267e+03 -4.498586294012650200e+01 -4.761785114022527665e+01 -3.947676942849421522e+01
3.420419761999482944e+03 -4.435784258358629728e+01 -5.175625148386016861e+01 -3.853726259041292934e+01
3.423559891830023844e+03 -4.679980402720619992e+01 -5.614785974245877043e+01 -4.620528218400811937e+01
3.426698577946195655e+03 -4.296772295054528001e+01 -5.295926015700000278e+01 -4.765709641105947014e+01
3.429835821092601691e+03 -4.606735623055049444e+01 -4.935726684145341636e+01 -4.478293859806812804e+01
3.432971622013377782e+03 -3.925588725427049752e+01 -5.132809821185527710e+01 -3.580653651179453334e+01
3.436105981452223205e+03 -5.403779111608768915e+01 -6.110709050578348922e+01 -5.012866590138649059e+01
3.439238900152378847e+03 -5.046025895079306167e+01 -5.482491960706944667e+01 -4.810230907868678685e+01
3.442370378856641764e+03 -4.390849433439731087e+01 -5.548749511844555826e+01 -4.355418015886960603e+01
3.445500418307359723e+03 -4.468531988203736205e+01 -6.029876845196707080e+01 -5.275886702994812083e+01
3.448629019246433018e+03 -5.214588865399963424e+01 -5.928977021923170554e+01 -5.488388900108119373e+01
3.451756182415307194e+03 -5.344139810908109922e+01 -5.902444035800545663e+01 -4.651931003125235975e+01
3.454881908554993061e+03 -5.466581598194414227e+01 -6.247173476164300610e+01 -5.322229467168819639e+01
3.458006198406041221e+03 -5.891804385300946478e+01 -6.325493900816093173e+01 -5.418317594862600117e+01
3.461129052708565723e+03 -5.463924744987077986e+01 -6.330819915941771114e+01 -5.348198656567645770e+01
3.464250472202225865e+03 -6.391444242302274148e+01 -6.518521090327124057e+01 -5.823612519736801829e+01
3.467370457626240750e+03 -5.698167654566528029e+01 -6.162329357394405349e+01 -5.342918238609245662e+01
3.470489009719374735e+03 -6.390013941979996304e+01 -6.477121809035047306e+01 -5.773634562167296025e+01
3.473606129219959257e+03 -6.408729109169597393e+01 -6.440323557272840560e+01 -5.484536979446271943e+01
3.476721816865872825e+03 -5.666120748969251508e+01 -6.671122507520738054e+01 -5.641107610286335472e+01
3.479836073394548293e+03 -6.882480923920694238e+01 -7.038084159624997937e+01 -5.993338664942645977e+01
3.482948899542976505e+03 -6.628583053109042567e+01 -6.634897155830179827e+01 -5.729480835267576566e+01
3.486060296047704469e+03 -6.408996847717787659e+01 -6.428601055390515739e+01 -6.287323194389740166e+01
3.489170263644837178e+03 -6.684702249113088612e+01 -6.465937215036147734e+01 -5.689379384180740828e+01
3.492278803070026697e+03 -6.386505549663768733e+01 -6.823940269581773066e+01 -5.677675108817319227e+01
3.495385915058497631e+03 -6.386687746793388953e+01 -6.496470384180156543e+01 -6.415586958618285962e+01
3.498491600345018014e+03 -6.646624806389516493e+01 -6.773680032475097335e+01 -6.080738891485400188e+01
3.501595859663919327e+03 -6.195119984571110905e+01 -6.848059446192657163e+01 -5.694250548861120365e+01
3.504698693749087397e+03 -6.962813270581278857e+01 -6.650509433856302621e+01 -6.215464703705429628e+01
3.507800103333969673e+03 -6.578601178926187742e+01 -6.497716899796202483e+01 -5.845206877734900530e+01
3.510900089151577049e+03 -6.104640244192933096e+01 -6.224748361050065881e+01 -5.212185941040855397e+01
3.513998651934465670e+03 -6.151261333744584903e+01 -6.388004528362075973e+01 -5.209034674914336449e+01
3.517095792414762400e+03 -6.230211129688048999e+01 -5.753122879768339004e+01 -4.804748714620058081e+01
3.520191511324152088e+03 -6.399872975686166399e+01 -6.068295527957073432e+01 -5.588547721592860285e+01
3.523285809393875752e+03 -5.587844627326882829e+01 -5.484102054238894652e+01 -4.207772260236532702e+01
3.526378687354732392e+03 -5.314387543137305414e+01 -5.801770330613994986e+01 -4.567928325743086049e+01
3.529470145937089910e+03 -5.945924416830475678e+01 -5.326722849033394169e+01 -4.315520842749730690e+01
3.532560185870874193e+03 -5.344290735056227959e+01 -4.694337845030071321e+01 -3.905445725640971943e+01
3.535648807885565475e+03 -5.311839808442086053e+01 -5.033932816951682554e+01 -4.107821433619337625e+01
3.538736012710214709e+03 -5.262306113363371907e+01 -4.589571497262446798e+01 -3.634372311566573188e+01
3.541821801073434472e+03 -4.867178580734903903e+01 -4.560338893505836211e+01 -3.290068182304190003e+01
3.544906173703386230e+03 -4.705613006830636635e+01 -3.873260869293416420e+01 -2.947607801399846039e+01
3.547989131327814903e+03 -4.968326207380035697e+01 -3.895593915972826693e+01 -2.047753915923262369e+01
3.551070674674008842e+03 -4.469985111574971626e+01 -3.788472207967400607e+01 -2.207397200798883929e+01
3.554150804468832575e+03 -4.583054817792893232e+01 -3.499248875358500754e+01 -2.014510653742581425e+01
3.557229521438710435e+03 -4.445037150412581184e+01 -3.256350247630353323e+01 -2.224321489327142842e+01
3.560306826309628377e+03 -3.577045142734976935e+01 -3.130582591829925576e+01 -1.740980174193967400e+01
3.563382719807141257e+03 -3.477931211637701381e+01 -2.729564076254191818e+01 -8.222048802237088339e+00
3.566457202656358277e+03 -3.590600303446260710e+01 -2.603988692165441421e+01 -4.926460345763788773e+00
3.569530275581968453e+03 -3.090128161891271574e+01 -2.730185051276609798e+01 -9.756553575724973726e+00
3.572601939308218789e+03 -2.302284519590547873e+01 -2.310375494286983766e+01 -1.588698768772333736e+00
3.575672194558914271e+03 -2.700128586983765899e+01 -2.701708407070497486e+01 1.870022443005904256e+00
3.578741042057437880e+03 -2.247112368732575405e+01 -1.900774697015019754e+01 8.947396825119675157e+00
3.581808482526737862e+03 -1.443895563906149526e+01 -1.807852356933625870e+01 1.060341076436971619e+01
3.584874516689320444e+03 -1.639454561428759760e+01 -1.719704949023985563e+01 1.233099661316687445e+01
3.587939145267258937e+03 -1.030412663821959462e+01 -1.408241956335369416e+01 8.760985353838609768e+00
3.591002368982210101e+03 -8.654039049925057014e+00 -1.627355183644942471e+01 1.049979423026533176e+01
3.594064188555379587e+03 -5.450266107975498819e+00 -9.118866603245376012e+00 1.519530733294665126e+01
3.597124604707549224e+03 -5.768057763515482605e+00 -1.323972374707357957e+01 1.738124921565252023e+01
3.600183618159067919e+03 -1.098353546306406336e+01 -7.057410129998428872e+00 2.311879321925854924e+01
3.603241229629851659e+03 -8.744646826642387127e-01 -6.385540698537551130e+00 2.138614446768202271e+01
3.606297439839392609e+03 -6.546738147934483720e+00 -8.014067075695564313e+00 2.067692613177908001e+01
3.609352249506739099e+03 1.215646084686613504e+00 -2.299904790688430900e+00 1.953150985428085917e+01
3.612405659350521091e+03 -1.733344211964943149e+00 -4.432201514965039557e+00 1.605051933843896705e+01
3.615457670088930172e+03 -2.391259817798476739e-01 -2.765654928884172303e+00 2.717381610153292115e+01
3.618508282439732284e+03 3.953736191935019129e+00 -3.228064851362265397e+00 2.812170647724044414e+01
3.621557497120265907e+03 -5.139264854608443400e+00 -5.380211602607040788e+00 2.545488874082806419e+01
3.624605314847438422e+03 -1.849093010489357702e+00 -2.016091960434481578e+00 3.107372653350660130e+01
3.627651736337720649e+03 -2.333487490729245550e+00 -1.473491395159134631e+00 2.978334373580344163e+01
3.630696762307170502e+03 1.584890555783259103e+00 -5.673063860363342092e-01 2.813279559422941389e+01
3.633740393471403877e+03 2.715720805889322520e+00 6.422422612542788567e-01 3.547976306776158850e+01
3.636782630545611028e+03 9.284763909461681841e-01 3.853708844131761957e+00 2.678124314350139556e+01
3.639823474244567478e+03 3.676997428321969519e+00 5.737234630562372928e+00 3.472908162436005597e+01
3.642862925282604920e+03 5.419992401937087756e+00 1.794674829406360805e+00 3.446633186016547512e+01
3.645900984373633037e+03 1.162866630084486763e+00 1.704402104085306791e+00 3.239709524833843091e+01
3.648937652231143147e+03 2.450621417798461099e+00 -2.433778899284416042e+00 3.256315484504828106e+01
3.651972929568191830e+03 4.768525185002907563e+00 3.784826128996263694e+00 3.616122753487294972e+01
3.655006817097413659e+03 1.741800509488916626e+00 9.895139335958524907e-01 3.666974361466582621e+01
3.658039315531008469e+03 4.305288260324242167e+00 2.595810978837657768e+00 3.036258173163972529e+01
3.661070425580768642e+03 3.260138058082345580e+00 5.364877718730900469e-01 3.560349675604737030e+01
3.664100147958046364e+03 6.786756615226502198e+00 4.103884074876570587e+00 4.112594199452114196e+01
3.667128483373773634e+03 6.501989040657607966e+00 5.844904555560881398e+00 4.132860946289710569e+01
3.670155432538462264e+03 9.499192447080817558e+00 7.297796221143695305e+00 3.660003420157294585e+01
3.673180996162192969e+03 5.362663706045100120e+00 3.444643550068634319e+00 3.953442971859661981e+01
3.676205174954628092e+03 9.602618804213303605e+00 3.701711706907942823e+00 4.339497097863515762e+01
3.679227969625007972e+03 5.816870712080433048e-01 2.207693581595187915e+00 3.582144189640649046e+01
3.682249380882140031e+03 2.553696014792344648e+00 -7.845892589410440321e-01 3.515067425249538502e+01
3.685269409434426052e+03 8.568362675310886800e+00 3.079232754338578903e+00 3.711720477680533747e+01
3.688288055989829445e+03 8.137846135066370223e+00 6.638880744001671275e+00 3.907325910154153092e+01
3.691305321255893432e+03 1.090952022423656764e+01 4.738297916555795020e+00 4.588693848759194793e+01
3.694321205939751962e+03 5.675145675104002585e+00 7.861300725116937116e+00 3.720189980611578306e+01
3.697335710748104248e+03 1.760759156419807736e+00 4.669170511598465190e+00 3.569080209471233189e+01
3.700348836387238407e+03 7.097811793716717332e+00 4.696227617437364721e+00 4.334463986945277014e+01
3.703360583563011460e+03 1.119119425013415636e+01 6.710202909887500233e+00 4.429750577626496977e+01
3.706370952980867514e+03 1.059746718045883540e+01 7.581012765500006800e+00 4.038790628981745812e+01
3.709379945345828673e+03 6.410405186321309401e+00 6.435462742232904709e+00 4.315746192813843862e+01
3.712387561362500492e+03 5.319551815837384900e+00 4.145397937061491511e+00 4.526227188008298441e+01
3.715393801735059242e+03 8.925144122994968399e+00 5.382575373270297447e+00 3.700565480001611007e+01
3.718398667167273743e+03 8.746154316940989659e+00 6.130112852407126667e+00 4.403989800414381506e+01
3.721402158362485352e+03 8.026414294138637828e+00 7.253320758414401936e+00 4.628872621843637347e+01
3.724404276023618877e+03 1.662930386353882461e+00 1.048153203910663578e+01 4.141261582121174456e+01
3.727405020853188034e+03 1.114498235958850536e+01 5.958281193209045590e+00 4.188948383836577705e+01
3.730404393553275440e+03 9.247612088622769733e+00 8.772954465749958075e+00 4.140713722639588923e+01
3.733402394825561714e+03 8.968892430269464811e+00 8.799884047253577535e+00 3.997481227798090941e+01
3.736399025371292737e+03 3.618955673613636126e+00 7.246040185571868797e+00 4.208454124371679939e+01
3.739394285891314212e+03 6.063762870818377948e+00 7.770531898470247611e+00 3.871571999969091848e+01
3.742388177086044379e+03 1.062123477194042742e+01 5.926213586502633746e+00 4.188178263324181216e+01
3.745380699655484932e+03 8.745011740707900216e+00 1.113436061632948615e+01 3.703368475996403220e+01
3.748371854299231927e+03 7.775539648866493181e+00 9.472533185928369903e+00 4.085687684134000364e+01
3.751361641716455779e+03 1.137572597275403830e+01 9.560706443960198087e+00 4.131399429821835412e+01
3.754350062605912171e+03 1.084708980079880902e+01 8.413928898204135365e+00 4.185865278102996001e+01
3.757337117665947517e+03 9.555656588650579764e+00 1.018524031592065704e+01 3.630957189486045422e+01
3.760322807594491678e+03 9.761021648350940438e+00 7.022429425160336081e+00 4.238281743555616288e+01
3.763307133089052513e+03 6.086938032676814991e+00 1.186396729072339973e+01 4.595728722164696478e+01
3.766290094846730426e+03 1.391642410901959437e+01 9.536617463302603070e+00 3.861430229432443184e+01
3.769271693564214729e+03 1.061479051507102334e+01 1.138815497270050514e+01 3.578285460818926111e+01
3.772251929937776367e+03 6.301433543287524586e+00 6.469990972939164919e+00 3.380517020987855403e+01
3.775230804663275194e+03 7.649732425125242763e+00 5.384429369889546457e+00 3.853711645738010816e+01
3.778208318436152695e+03 7.739558090744744767e+00 7.300434782100861497e+00 3.739666537432179894e+01
3.781184471951450178e+03 8.969412740313282839e+00 8.912354673261424054e+00 4.035747798957689270e+01
3.784159265903781488e+03 8.856709533580140459e+00 1.017054711166336212e+01 3.586360907889989136e+01
3.787132700987360295e+03 1.087185860900664203e+01 1.029351351632796074e+01 4.180512155173935440e+01
3.790104777895983716e+03 1.357502505572753293e+01 6.704468321740410630e+00 4.249525756594103143e+01
3.793075497323037780e+03 7.492111040586503456e+00 1.182758037869163736e+01 4.026155091855021340e+01
3.796044859961497423e+03 7.060811296420344441e+00 8.702626874461271811e+00 4.209746486677423860e+01
3.799012866503926489e+03 8.602961717825008847e+00 8.353535195227976828e+00 4.386592528854285433e+01
3.801979517642479550e+03 6.555664362603809359e+00 1.198940583762442813e+01 3.951472148229766645e+01
3.804944814068901906e+03 7.965128825802908707e+00 1.255644082159852104e+01 4.542675654302205146e+01
3.807908756474529582e+03 7.971648041112438854e+00 9.030430860403793503e+00 3.765157550052457225e+01
3.810871345550280239e+03 6.593187786027965736e+00 1.455023384507876116e+01 3.918797173548989576e+01
3.813832581986676814e+03 5.342766880128022144e+00 1.069746927590418473e+01 3.863449862715059169e+01
3.816792466473818422e+03 1.191566426119850064e+01 1.234433330829595654e+01 3.686892818909628033e+01
3.819750999701411274e+03 7.582137718731156717e+00 8.919692865722185005e+00 3.917551473785174920e+01
3.822708182358741396e+03 5.981097753636391623e+00 1.211577462783240478e+01 3.107453715768673774e+01
3.825664015134692818e+03 9.102310158957354957e+00 1.149907744871429216e+01 4.230111045658231461e+01
3.828618498717734838e+03 8.470544477770300063e+00 1.170213216573092474e+01 3.954414524451303947e+01
3.831571633795938396e+03 7.178156500436476684e+00 1.433893994986850728e+01 3.913469206413923018e+01
3.834523421056961524e+03 8.807914905836735642e+00 1.413325559506451157e+01 4.509337920679600131e+01
3.837473861188060255e+03 1.125846229245527397e+01 1.290008853812544842e+01 3.892196411649752719e+01
3.840422954876075892e+03 1.010619369983979254e+01 1.112618988574535450e+01 3.832256554358242084e+01
3.843370702807453199e+03 1.409218824573334494e+01 1.571458583009845889e+01 3.939151601173802675e+01
3.846317105668229487e+03 9.488492463798056775e+00 1.120109377542932272e+01 4.353294198757750877e+01
3.849262164144023700e+03 1.259462454300309098e+01 1.320354402795440052e+01 3.858298196133271318e+01
3.852205878920072792e+03 4.398046878147277461e+00 1.161059358498543936e+01 3.410421773714264759e+01
3.855148250681186255e+03 1.010219672910176492e+01 1.658663844971609436e+01 3.700669829819992884e+01
3.858089280111778862e+03 1.061695996916932039e+01 1.419270656196222546e+01 4.300819551250868500e+01
3.861028967895867027e+03 7.312535772760377029e+00 1.503406573885906816e+01 3.434395234690364873e+01
3.863967314717054251e+03 1.096022612136401619e+01 1.130638508067668901e+01 4.539960230116312800e+01
3.866904321258538403e+03 9.964278634388954003e+00 1.386997427296444485e+01 3.887260855043987107e+01
3.869839988203122630e+03 1.249613410532830038e+01 1.624638633800399390e+01 3.355073876106380482e+01
3.872774316233206264e+03 8.929890258144819626e+00 9.986120547873007069e+00 3.673041815159373868e+01
3.875707306030775726e+03 1.012064497874702340e+01 1.395500485165004534e+01 3.892222580740525473e+01
3.878638958277426354e+03 1.401007166421504735e+01 1.657120664582031822e+01 3.655388214876115427e+01
3.881569273654340577e+03 1.389317268886435564e+01 1.296217527626537169e+01 4.178504597132540965e+01
3.884498252842311558e+03 1.237089137434672992e+01 1.444929019597372211e+01 3.507807596708565967e+01
3.887425896521721370e+03 1.037770816689562636e+01 1.331840091899393563e+01 3.569461139308596387e+01
3.890352205372553726e+03 1.019891099115530331e+01 1.428882686556723414e+01 3.437248373992410677e+01
3.893277180074390344e+03 1.085770408162012579e+01 1.524931649995362903e+01 3.174392247137387457e+01
3.896200821306416401e+03 9.184184184861674538e+00 1.306337382356145049e+01 3.522021457701263358e+01
3.899123129747409621e+03 1.109882911513078874e+01 1.461609705130619474e+01 3.436373165423265874e+01
3.902044106075753007e+03 7.135605546199026428e+00 1.412326349962050465e+01 3.147783512381108650e+01
3.904963750969427565e+03 7.393337621731903120e+00 1.478324996918266265e+01 3.125119281035849994e+01
3.907882065106015943e+03 1.333927242988982265e+01 1.629879899627151119e+01 2.910894947336672800e+01
3.910799049162698793e+03 1.293466169006946842e+01 1.469780934952963314e+01 3.594643604084609478e+01
3.913714703816269321e+03 1.374681659993892602e+01 1.425784920422793434e+01 3.418645611480751256e+01
3.916629029743102365e+03 1.224149366797192329e+01 1.839328227182890174e+01 2.864188332195406872e+01
3.919542027619187138e+03 9.300272126178185772e+00 1.547665067153264395e+01 3.024909071431394025e+01
3.922453698120109038e+03 1.383469623940019488e+01 1.862534889121072723e+01 3.249158159437982363e+01
3.925364041921071475e+03 7.062609929146778320e+00 1.625700793969191693e+01 2.360936138333983436e+01
