# ,A_1nM-Tris,P_1nM-Tris
5.770165059914870653e+02 4.894964591398529130e+00 1.435901707581290943e+01
5.814971130373232882e+02 1.403005673707096257e+01 2.035836968522099255e+01
5.859755551293783356e+02 1.255821253674186089e+01 2.008616710910466807e+01
5.904518334823769692e+02 1.119267248271749970e+01 2.039384347149315602e+01
5.949259493101963017e+02 1.955396828855883484e+01 2.422967920753039550e+01
5.993979038258657965e+02 2.190083620203960280e+01 2.892953985587454468e+01
6.038676982415636303e+02 2.390359022624179630e+01 2.740639032451106161e+01
6.083353337686348823e+02 1.402600539385295875e+01 2.372019550891147688e+01
6.128008116175733448e+02 1.515645899413572728e+01 2.002515263653883792e+01
6.172641329980215232e+02 5.918321084467369708e+00 2.024476597031835823e+01
6.217252991187997395e+02 1.095218469045796539e+01 1.917947932869695649e+01
6.261843111878697528e+02 7.878998639581000774e+00 2.158796435863129659e+01
6.306411704123638629e+02 9.758178482472422033e+00 1.970047747616343869e+01
6.350958779985558067e+02 9.205895563358659217e+00 1.525796909809749735e+01
6.395484351519080519e+02 9.516066991265704544e+00 1.672923680357791554e+01
6.439988430770172272e+02 1.489805350929336569e+01 2.228148310237155272e+01
6.484471029776686919e+02 5.578144146377709056e+00 2.281965311206090163e+01
6.528932160567892424e+02 6.805092316425601418e+00 2.129076720497393183e+01
6.573371835164762160e+02 1.214894267665845895e+01 2.588026897659685943e+01
6.617790065579865768e+02 4.145539889253390342e+00 2.620686222485295858e+01
6.662186863817587437e+02 6.966964051101261823e+00 2.675347369701614753e+01
6.706562241873798484e+02 1.211959377107558744e+01 2.214346872591292481e+01
6.750916211736112018e+02 1.301248657125223929e+01 2.179735260505857752e+01
6.795248785383882932e+02 1.815038612090980763e+01 2.188710604929576675e+01
6.839559974787953252e+02 1.988255696961993735e+01 1.925868082195423270e+01
6.883849791911088687e+02 1.474320103946445037e+01 1.700648360262663061e+01
6.928118248707542080e+02 1.478922990267514592e+01 1.988780813381274726e+01
6.972365357123453578e+02 1.317231123402513049e+01 2.202686318875871763e+01
7.016591129096559598e+02 2.063833086011407758e+01 3.838284238442528817e+01
7.060795576556374726e+02 2.853310625717317350e+01 4.732272108816553668e+01
7.104978711424009816e+02 4.187858864218599564e+01 5.157325345079586043e+01
7.149140545612572168e+02 4.169920904898441449e+01 3.569758946692751067e+01
7.193281091026656213e+02 2.845706120236316750e+01 2.035388816251422384e+01
7.237400359562707308e+02 2.270069695315824632e+01 1.471558499709367673e+01
7.281498363108985359e+02 1.911851408940841779e+01 1.388681836840794936e+01
7.325575113545382919e+02 1.374639729191661530e+01 6.151202594217219932e+00
7.369630622743716231e+02 1.878927834524499474e+01 4.615016260664596359e+00
7.413664902567434183e+02 2.479687332483810636e+01 5.772291525023293346e+00
7.457677964871909353e+02 3.830999085365635182e+01 1.405342428745160532e+01
7.501669821504219726e+02 5.531888893118224360e+01 2.617983308656690511e+01
7.545640484303185076e+02 6.676703952489489780e+01 3.046792732414310834e+01
7.589589965099658002e+02 7.483034556904888746e+01 3.162699228115077332e+01
7.633518275716050994e+02 7.980894173028897853e+01 3.336160596409422396e+01
7.677425427966772986e+02 8.138992214266866654e+01 3.413692253257621445e+01
7.721311433657974703e+02 7.165405882747552369e+01 2.681945032551309538e+01
7.765176304587730556e+02 5.596427825223292274e+01 1.956350344107097072e+01
7.809020052545856743e+02 4.745718346993675851e+01 1.472496115081018964e+01
7.852842689314093150e+02 3.751317296106338972e+01 7.288660474870013672e+00
7.896644226665994211e+02 3.030061710928906393e+01 1.067361373218635023e+01
7.940424676367074426e+02 1.855233216991115697e+01 5.301242866744891202e+00
7.984184050174553704e+02 1.767575933985659598e+00 4.860076981257376305e-01
8.027922359837721160e+02 3.865554455147285573e+00 -1.446965611182668532e+00
8.071639617097607697e+02 -4.233133225565024027e+00 -6.317990738740016710e+00
8.115335833687313425e+02 -6.307570603733892334e+00 -8.858207431834479451e+00
8.159011021331571101e+02 -2.027959970916548560e+00 -3.659783829380585995e+00
8.202665191747364588e+02 -2.520474656693094673e-01 3.496808253417059031e+00
8.246298356643310399e+02 2.255155142167150739e+00 5.168242347975164463e+00
8.289910527720057871e+02 -1.719686717906900197e+00 9.449183998294383713e+00
8.333501716670289170e+02 7.037605035788530472e+00 1.703664524911024003e+01
8.377071935178391868e+02 5.040781984157524320e+00 2.326943846332443400e+01
8.420621194920968264e+02 1.008876464051760102e+01 1.767921649558188690e+01
8.464149507566398825e+02 1.632461925744892994e+01 1.656369797336542504e+01
8.507656884775060462e+02 1.769826135799098665e+01 1.497656987521882499e+01
8.551143338199290156e+02 2.176649576615710657e+01 6.360362499138023651e+00
8.594608879483457713e+02 2.161109133372244884e+01 6.095780758864030702e+00
8.638053520263856626e+02 2.545167126424969339e+01 7.024470442940191184e+00
8.681477272168885975e+02 2.468853555038338499e+01 9.343858300422153818e+00
8.724880146818723006e+02 2.241129113054629229e+01 1.095721326709216825e+01
8.768262155825796071e+02 1.726465159005065786e+01 1.405273454468764527e+01
8.811623310794311692e+02 2.088732543140240594e+01 1.561524808028969424e+01
8.854963623320727493e+02 2.551270382097768774e+01 1.534934241789552978e+01
8.898283104993388406e+02 2.991445559164418455e+01 1.914565436608281246e+01
8.941581767392635811e+02 2.648510739710778594e+01 2.181333621987149129e+01
8.984859622090989433e+02 2.204595940926467534e+01 2.093405154158511294e+01
9.028116680652929062e+02 2.442815184413022678e+01 2.353877117968723454e+01
9.071352954634967318e+02 2.405770671046405340e+01 2.053722032307108947e+01
9.114568455585722404e+02 1.865492589406475332e+01 1.399602752442716458e+01
9.157763195045918110e+02 1.358560459561432943e+01 4.601564995975987671e+00
9.200937184548274672e+02 9.789155518620557217e+00 2.132482646728882880e+00
9.244090435617654293e+02 1.774364693401784621e+01 5.867368504885550617e-01
9.287222959770915622e+02 1.535236903433111522e+01 4.488342084013345890e+00
9.330334768517168413e+02 1.449175467319992272e+01 5.633421410602145407e+00
9.373425873357482487e+02 1.204664564109028291e+01 8.848841713088528849e+00
9.416496285785178770e+02 2.059755471714764496e+01 1.658679603540727499e+01
9.459546017285538255e+02 1.818001484633108333e+01 2.212418349148560281e+01
9.502575079336093040e+02 1.891774561258176135e+01 2.298191180990886195e+01
9.545583483406480809e+02 1.908613804848558360e+01 2.008005504955239573e+01
9.588571240958372073e+02 1.630727019802336031e+01 1.892666709661526525e+01
9.631538363445724826e+02 1.830911787196658835e+01 1.706607798125509490e+01
9.674484862314639031e+02 2.228271253968031118e+01 1.400113859391935378e+01
9.717410749003283854e+02 2.354961953680453490e+01 1.371376792553194868e+01
9.760316034942043188e+02 2.877018389271438537e+01 1.856720265697533279e+01
9.803200731553479272e+02 3.780154486158215121e+01 2.387211407330100599e+01
9.846064850252405449e+02 4.699618200586595407e+01 2.978766187629557294e+01
9.888908402445595129e+02 5.998248031467482377e+01 4.212456487594602095e+01
9.931731399532363866e+02 7.666111772919877865e+01 5.667458507287364711e+01
9.974533852903914521e+02 9.330569070614832583e+01 6.651249486003132461e+01
1.001731577394377382e+03 1.200588259631236099e+02 7.840037083131853990e+01
1.006007717402779235e+03 1.122405439486154535e+02 6.916176966347894961e+01
1.010281806452385354e+03 9.207495285952064989e+01 5.185242974780944536e+01
1.014553845679220103e+03 7.095204615678477467e+01 3.806602502359759654e+01
1.018823836218529323e+03 5.379346376901292359e+01 2.499485329376468812e+01
1.023091779204776685e+03 6.802808134861922440e+01 2.823010592937338714e+01
1.027357675771661889e+03 6.821180853444165848e+01 2.034499698064158224e+01
1.031621527052098827e+03 6.891587831300509492e+01 2.744736391962973698e+01
1.035883334178237419e+03 5.848661351335510261e+01 2.423162770630305474e+01
1.040143098281445418e+03 5.830367204323749064e+01 3.065684219052550574e+01
1.044400820492330240e+03 5.574707051736235996e+01 3.776300200699652265e+01
1.048656501940717135e+03 5.915538660024523665e+01 4.310982804584298123e+01
1.052910143755667377e+03 5.315096724355201729e+01 4.171796747772129521e+01
1.057161747065463715e+03 5.457914473877680450e+01 4.771962975906257753e+01
1.061411312997632194e+03 5.442228262654359838e+01 6.135948378192022545e+01
1.065658842678916699e+03 6.879366504839768481e+01 8.693137606980258170e+01
1.069904337235300773e+03 6.438990295075785752e+01 9.533299633109687932e+01
1.074147797792000347e+03 6.972411892866291794e+01 9.774221286049754553e+01
1.078389225473460101e+03 5.159077023289569297e+01 8.662250136757249663e+01
1.082628621403364377e+03 3.939050307381126004e+01 6.862092824644929578e+01
1.086865986704633542e+03 2.798059250108476093e+01 5.337774216491086321e+01
1.091101322499409434e+03 2.656230575586200970e+01 4.351763912235949761e+01
1.095334629909080832e+03 1.561196318153156781e+01 3.130231970691174581e+01
1.099565910054279811e+03 1.725090798280517745e+01 2.949856801562747677e+01
1.103795164054859924e+03 1.775197163406356893e+01 2.992882313534833827e+01
1.108022393029925297e+03 2.012867644737934825e+01 3.449510026961768716e+01
1.112247598097816081e+03 2.147385829193247275e+01 4.720078676667694140e+01
1.116470780376101175e+03 2.840925343215619492e+01 5.502288184918609915e+01
1.120691940981607331e+03 4.161373563986048651e+01 6.689609307854628639e+01
1.124911081030382775e+03 5.638486688667116198e+01 7.604043087195236694e+01
1.129128201637733582e+03 6.399577936291675684e+01 7.180708704125834174e+01
1.133343303918205493e+03 5.840972250696797374e+01 5.790917469374562643e+01
1.137556388985572994e+03 4.299692135345670607e+01 4.783631981158024615e+01
1.141767457952868426e+03 2.545600389740893732e+01 4.691165726488021903e+01
1.145976511932360154e+03 2.026441826010890779e+01 5.628594511434516079e+01
1.150183552035570756e+03 2.471189675380582074e+01 6.690296207035815712e+01
1.154388579373251559e+03 2.197404178519163409e+01 6.846112959991901903e+01
1.158591595055422658e+03 2.717582023893825394e+01 7.234945852364050722e+01
1.162792600191329257e+03 2.296155759288589238e+01 7.464815409277194647e+01
1.166991595889478049e+03 2.465941656628450929e+01 8.018425020618765586e+01
1.171188583257611754e+03 1.894891243821686544e+01 8.048442893053582736e+01
1.175383563402738218e+03 2.167174241020693515e+01 9.034062468526164480e+01
1.179576537431097677e+03 1.820678253795079726e+01 8.772556515496528107e+01
1.183767506448191853e+03 2.560922673206765410e+01 8.864720065803344085e+01
1.187956471558762132e+03 1.710405934879211287e+01 9.688204221689500173e+01
1.192143433866815030e+03 1.819622799472833563e+01 1.071818772012037329e+02
1.196328394475600362e+03 1.941481501139949017e+01 1.230426501109405422e+02
1.200511354487622157e+03 1.988815010578492348e+01 1.477400357212262918e+02
1.204692315004638658e+03 2.457376647044672424e+01 1.474470858167034066e+02
1.208871277127658686e+03 2.727793765407281867e+01 1.401732737599079996e+02
1.213048241956948914e+03 3.371119355945037910e+01 1.236492944605956836e+02
1.217223210592033865e+03 4.486309572372760357e+01 1.217234268165247357e+02
1.221396184131688642e+03 5.562434805803933102e+01 1.212922699509395983e+02
1.225567163673949835e+03 7.904789335901335789e+01 1.357698972640916111e+02
1.229736150316097337e+03 1.164514664423660406e+02 1.599753083681426347e+02
1.233903145154690719e+03 1.412129342005537467e+02 1.632443617710568446e+02
1.238068149285536492e+03 1.599162381574141705e+02 1.557710348049025981e+02
1.242231163803695381e+03 1.489958660615343149e+02 1.471995018523642784e+02
1.246392189803504152e+03 1.201234098045498229e+02 1.461212011866538774e+02
1.250551228378535598e+03 8.019602210226230454e+01 1.407753284031305157e+02
1.254708280621649465e+03 5.612387608281536444e+01 1.430066716291929083e+02
1.258863347624952439e+03 4.747034843162899165e+01 1.476267534534767947e+02
1.263016430479809060e+03 4.674645196846623207e+01 1.531747099694163694e+02
1.267167530276863545e+03 4.537816322631113763e+01 1.562470110591251284e+02
1.271316648106014327e+03 5.337707084817849079e+01 1.578290295321907593e+02
1.275463785056417692e+03 5.811208086328327482e+01 1.546324411439968003e+02
1.279608942216509604e+03 5.485527105976890994e+01 1.479890680626142796e+02
1.283752120673980244e+03 4.911057713543567615e+01 1.411239888161880458e+02
1.287893321515792195e+03 4.007282102248717592e+01 1.309382758660363493e+02
1.292032545828165894e+03 3.488573275441480348e+01 1.339230267807096197e+02
1.296169794696605095e+03 2.529239155851145071e+01 1.410976732589050755e+02
1.300305069205864129e+03 2.645605721878273897e+01 1.370393193028193934e+02
1.304438370439980645e+03 2.307152138929662755e+01 1.314809521326065749e+02
1.308569699482253782e+03 3.528569630989228045e+01 1.240621265703395011e+02
1.312699057415255083e+03 3.690931429668980712e+01 1.132321539057626438e+02
1.316826445320828498e+03 3.738294925372365185e+01 1.032801056163359874e+02
1.320951864280083100e+03 3.571870734485820265e+01 9.841484268708111927e+01
1.325075315373411286e+03 2.997920156283919368e+01 9.354945111487008091e+01
1.329196799680463300e+03 3.162596688459379024e+01 9.350773108226995589e+01
1.333316318280176347e+03 2.671183819386293834e+01 9.446899793252023869e+01
1.337433872250752756e+03 3.109643259859166164e+01 1.018094077012875687e+02
1.341549462669674540e+03 2.695276316363473157e+01 1.034018375263472933e+02
1.345663090613696113e+03 2.883865300141179944e+01 1.109521387224455822e+02
1.349774757158851571e+03 4.039811708558372061e+01 1.114774866118430339e+02
1.353884463380443776e+03 4.478747190940502065e+01 1.057923592510181976e+02
1.357992210353058908e+03 5.410980237229063761e+01 1.106204291371520725e+02
1.362097999150562828e+03 6.566725278292612700e+01 1.172150780700074506e+02
1.366201830846093799e+03 9.175875176130325883e+01 1.385828367013064906e+02
1.370303706512066128e+03 1.167267972151951199e+02 1.611901819874515240e+02
1.374403627220191993e+03 1.535975428697309155e+02 2.025875221138731774e+02
1.378501594041441422e+03 1.958975377077902635e+02 2.443596033798231417e+02
1.382597608046078676e+03 2.510956005300582490e+02 2.899193177149716689e+02
1.386691670303644059e+03 3.008907313350345021e+02 3.231919741418359990e+02
1.390783781882961193e+03 3.410444230673130050e+02 3.383874245219041086e+02
1.394873943852140656e+03 3.394913323352035377e+02 3.302411112445725507e+02
1.398962157278572704e+03 3.039654221513149537e+02 2.905409409488598271e+02
1.403048423228927277e+03 2.312378864908803280e+02 2.307008409663621080e+02
1.407132742769168544e+03 1.534549822062649582e+02 1.842957109436174505e+02
1.411215116964540357e+03 9.742287407192551996e+01 1.497752850838240306e+02
1.415295546879566245e+03 7.717701742443728108e+01 1.413491541459493703e+02
1.419374033578071248e+03 5.868533822112052434e+01 1.337650547183880860e+02
1.423450578123156447e+03 4.729169284504985882e+01 1.276198039803947069e+02
1.427525181577209878e+03 3.990341147792049270e+01 1.286438031458581008e+02
1.431597845001921087e+03 3.484239396929235255e+01 1.301197140902575597e+02
1.435668569458244747e+03 3.168298652668911330e+01 1.338952686787687583e+02
1.439737356006455229e+03 3.850247144799831744e+01 1.485768968419207283e+02
1.443804205706092034e+03 4.833433150216043828e+01 1.609056230071336131e+02
1.447869119615992531e+03 5.081476316439726304e+01 1.593170622789981223e+02
1.451932098794295598e+03 7.069139754006313581e+01 1.609067930295901476e+02
1.455993144298416155e+03 7.837474275764616038e+01 1.572942442372915650e+02
1.460052257185077906e+03 6.985775847094896562e+01 1.371703036425586220e+02
1.464109438510287873e+03 6.218327215601069469e+01 1.253906358340854581e+02
1.468164689329343673e+03 4.322026894816201548e+01 1.107317645624776787e+02
1.472218010696848069e+03 2.972930116408084800e+01 9.973685038741760422e+01
1.476269403666690778e+03 2.381468310271100464e+01 1.015116526738666920e+02
1.480318869292063027e+03 1.598388382984632194e+01 9.507938129693931728e+01
1.484366408625450276e+03 1.182707273178944440e+01 9.622414820751711773e+01
1.488412022718632215e+03 2.242946430058172425e+01 1.074293317299284496e+02
1.492455712622686406e+03 2.166454112230354312e+01 1.118817051219943153e+02
1.496497479387995554e+03 1.725322842107987142e+01 1.202093289131294256e+02
1.500537324064229324e+03 4.345953714806191748e+00 1.203435116183203775e+02
1.504575247700366162e+03 6.390036325710125809e+00 1.423876439560359302e+02
1.508611251344682387e+03 1.220546587870411592e+01 1.686098726597798247e+02
1.512645336044755823e+03 7.294397061916847669e+00 1.954884225979144787e+02
1.516677502847462165e+03 9.035835076366394603e+00 2.154387064909562355e+02
1.520707752798978618e+03 1.473665923277795109e+00 2.284031322060921525e+02
1.524736086944794806e+03 2.462892991327180869e+00 2.310449682865202874e+02
1.528762506329683674e+03 -3.466605558237252804e+00 2.345089915940122864e+02
1.532787011997741502e+03 1.667439968620670454e+00 2.350268090351332262e+02
1.536809604992358800e+03 4.367589778154586710e+00 2.241463496198837788e+02
1.540830286356234865e+03 9.605664784909729192e+00 2.218344500032625319e+02
1.544849057131366862e+03 8.805884636070544502e+00 2.078292196778848506e+02
1.548865918359071657e+03 2.217533608542459334e+01 2.087471546561365869e+02
1.552880871079963981e+03 2.408159562692311439e+01 1.951238132074072951e+02
1.556893916333956440e+03 3.619469293107537311e+01 1.855434252250986731e+02
1.560905055160292250e+03 4.586007384576132750e+01 1.784106960210530133e+02
1.564914288597505220e+03 5.830963469004605315e+01 1.764359255850135355e+02
1.568921617683437944e+03 6.749888106459860637e+01 1.794169343700798720e+02
1.572927043455256353e+03 6.399526165052743920e+01 1.720609846776611960e+02
1.576930566949424247e+03 6.455948482064354721e+01 1.706987711236684504e+02
1.580932189201725123e+03 6.782895039804236603e+01 1.744162231415146209e+02
1.584931911247243988e+03 6.604653281418958954e+01 1.715864055595916398e+02
1.588929734120381909e+03 5.286928834076209682e+01 1.632742957865018241e+02
1.592925658854856010e+03 4.002727206073952004e+01 1.435533600914021690e+02
1.596919686483695841e+03 3.196612817753888436e+01 1.383379673554241265e+02
1.600911818039239733e+03 2.199982645122627645e+01 1.234097192900615312e+02
1.604902054553149355e+03 1.835941156668092944e+01 1.120762816714043311e+02
1.608890397056387883e+03 5.871823502686801532e+00 1.023612522349802703e+02
1.612876846579249104e+03 4.347787116185477529e+00 9.210977685271484461e+01
1.616861404151328315e+03 -3.936570759681234932e-01 9.076840151376553933e+01
1.620844070801551425e+03 -3.614189320543662820e+00 8.958283208648252582e+01
1.624824847558149486e+03 5.437161189656402271e+00 9.515025993832908568e+01
1.628803735448684165e+03 2.276117216569400678e-02 8.930933683491596753e+01
1.632780735500022274e+03 3.714494542255769360e+00 9.047120196307794515e+01
1.636755848738361237e+03 2.073385281833766136e+00 9.429226256536519202e+01
1.640729076189203624e+03 -8.447452458053101854e-01 9.738355898862376137e+01
1.644700418877393531e+03 -2.447829171697342154e-01 1.082645346954573142e+02
1.648669877827076562e+03 -2.857634597849442848e+00 1.079052220324181661e+02
1.652637454061725293e+03 -5.256484995017772555e+00 1.117250988167237864e+02
1.656603148604146554e+03 -4.224341584476346334e+00 1.074683681805189792e+02
1.660566962476448680e+03 -1.508380888278665122e+00 1.103030047930612199e+02
1.664528896700074256e+03 1.403477975398972621e-01 1.138549172170756805e+02
1.668488952295792842e+03 -2.154069947725044454e+00 1.045236507241377524e+02
1.672447130283693696e+03 -9.104167654793284825e-01 1.010173337347143558e+02
1.676403431683196686e+03 3.935054609192916164e-01 9.028946120516795304e+01
1.680357857513030467e+03 -4.297693347509281558e+00 8.439023189464923291e+01
1.684310408791276132e+03 -1.305486756376840063e+01 7.490828826193826728e+01
1.688261086535312643e+03 -1.247981583188088628e+01 7.373336755175985502e+01
1.692209891761871404e+03 -1.030572589228110303e+01 6.879845078681177029e+01
1.696156825486996240e+03 -8.875326617169372767e+00 7.173647205590120279e+01
1.700101888726057950e+03 -5.492955097885189986e+00 7.027590904860491605e+01
1.704045082493768859e+03 -1.816226716058073976e+01 5.987967633377703436e+01
1.707986407804171904e+03 -1.570533992942710100e+01 5.777662982362511457e+01
1.711925865670611529e+03 -1.191108628053658691e+01 6.074386310169198566e+01
1.715863457105802809e+03 -1.779368358283440088e+01 5.737696475626574255e+01
1.719799183121762326e+03 -2.133592507951807349e+01 5.376795267375709386e+01
1.723733044729855465e+03 -1.215470574419090966e+01 5.832663325470966953e+01
1.727665042940763669e+03 -2.037137361399146585e+01 5.268644225216480947e+01
1.731595178764520824e+03 -1.849379781925064137e+01 5.234714252391396627e+01
1.735523453210484149e+03 -1.856491129016896480e+01 5.322961170522768271e+01
1.739449867287337838e+03 -2.034595481690809748e+01 5.194038800869171268e+01
1.743374422003114887e+03 -2.833309801492458924e+00 4.991667334946338741e+01
1.747297118365171627e+03 -1.391540373527622521e+01 5.198317423744684618e+01
1.751217957380213193e+03 -1.088814750419783195e+01 5.498749730310932904e+01
1.755136940054264414e+03 -1.600261953611107302e+01 5.545646011643249551e+01
1.759054067392702564e+03 -1.885218026904825095e+01 5.207737550451079045e+01
1.762969340400239162e+03 -1.421476901621651301e+01 5.602211135968281752e+01
1.766882760080909065e+03 -1.731933717434750974e+01 5.152509345376935102e+01
1.770794327438106848e+03 -2.160320427969143608e+01 4.662070383056700962e+01
1.774704043474554055e+03 -2.386936000693471627e+01 4.591468309967512340e+01
1.778611909192313760e+03 -2.077286141423781274e+01 4.950983624053436927e+01
1.782517925592790561e+03 -2.746524142334034480e+01 4.470242780451308562e+01
1.786422093676730583e+03 -1.868182374814319857e+01 4.940051856415912113e+01
1.790324414444217837e+03 -1.925329171193553535e+01 4.579410857443168936e+01
1.794224888894688775e+03 -2.271239320398175110e+01 4.896834960947502680e+01
1.798123518026903184e+03 -2.664965471648083550e+01 4.598524938958060915e+01
1.802020302838984207e+03 -2.057299613264697058e+01 4.409344131270064082e+01
1.805915244328385597e+03 -2.249408376084036831e+01 4.279457729835652913e+01
1.809808343491909909e+03 -2.050015661196170313e+01 4.555755334655544431e+01
1.813699601325704862e+03 -2.150302855887571596e+01 4.228732173920921866e+01
1.817589018825263338e+03 -2.444601995216768486e+01 4.427807665980399321e+01
1.821476596985423384e+03 -2.378255286850886208e+01 4.580859458042174737e+01
1.825362336800371850e+03 -2.262432128055026226e+01 4.435488596729943112e+01
1.829246239263637108e+03 -2.457922425913883302e+01 4.119127794130444897e+01
1.833128305368103611e+03 -2.244956769122294560e+01 4.185964071535649822e+01
1.837008536105993699e+03 -2.130256571177946512e+01 4.021513083368050445e+01
1.840886932468885789e+03 -2.119006486377607246e+01 3.827645988279152078e+01
1.844763495447707101e+03 -2.472537132210784705e+01 3.818730528642187494e+01
1.848638226032730017e+03 -2.809207444742425608e+01 4.145999962414418150e+01
1.852511125213586638e+03 -2.381946774938301203e+01 4.300200087902586432e+01
1.856382193979243311e+03 -2.292426708020242643e+01 3.838651855853420614e+01
1.860251433318037016e+03 -1.880883534506142851e+01 4.356079589435891108e+01
1.864118844217649894e+03 -1.855049790567762358e+01 3.945841967386181182e+01
1.867984427665101975e+03 -1.976064195879420993e+01 3.889904340432594410e+01
1.871848184646791196e+03 -2.319854106233601598e+01 4.279877398957249568e+01
1.875710116148453380e+03 -2.509625690863056491e+01 3.975043535796216787e+01
1.879570223155180429e+03 -2.172644578835160445e+01 4.399942518704420991e+01
1.883428506651423959e+03 -1.762838682128613854e+01 4.742956580583481241e+01
1.887284967620988027e+03 -2.037917079204887116e+01 3.763343285575481900e+01
1.891139607047029131e+03 -2.031814345700276192e+01 4.303018297213145615e+01
1.894992425912063482e+03 -2.199100932087872096e+01 4.155513290492050515e+01
1.898843425197974284e+03 -2.072123939396132286e+01 3.958311773497084829e+01
1.902692605885975354e+03 -1.850712452046803591e+01 4.176695404968135250e+01
1.906539968956665689e+03 -2.330288547166592394e+01 3.717995190545033068e+01
1.910385515389993088e+03 -1.831571978759025399e+01 4.535761189284850303e+01
1.914229246165257791e+03 -1.540361326218477345e+01 4.815995839060249750e+01
1.918071162261134305e+03 -1.955088843689603095e+01 4.310261167991209419e+01
1.921911264655638661e+03 -1.421904181504296893e+01 4.277781498186171660e+01
1.925749554326172074e+03 -2.088932892990717960e+01 4.020587313836728782e+01
1.929586032249462733e+03 -1.943028531855264873e+01 4.144587956385136351e+01
1.933420699401642196e+03 -2.431115953479897129e+01 4.010557842586593580e+01
1.937253556758165359e+03 -1.735646337260004657e+01 3.919993118512469010e+01
1.941084605293879576e+03 -1.154896593343696587e+01 4.251483531804775140e+01
1.944913845982981002e+03 -1.801896160411738990e+01 4.138422127489818791e+01
1.948741279799029144e+03 -2.384933944346038004e+01 3.576686322652412997e+01
1.952566907714954141e+03 -1.999645949862734895e+01 4.035816300819019631e+01
1.956390730703045847e+03 -2.007789019816814147e+01 3.454254130285092117e+01
1.960212749734964746e+03 -1.729401370843927310e+01 3.512397331158511804e+01
1.964032965781734674e+03 -1.806078344588430440e+01 3.501055272632321902e+01
1.967851379813746462e+03 -1.487687480074708546e+01 4.074649966105159393e+01
1.971667992800757929e+03 -1.855514284753392928e+01 3.531019777290894979e+01
1.975482805711897527e+03 -1.575084228346397275e+01 3.513202078981742460e+01
1.979295819515653420e+03 -2.152324754437232102e+01 3.527894128146865427e+01
1.983107035179898958e+03 -1.402083635909579939e+01 3.964464607875783031e+01
1.986916453671852651e+03 -1.653731812049036165e+01 3.516139826563983917e+01
1.990724075958125468e+03 -1.926250540673622424e+01 3.265828762036952782e+01
1.994529903004688094e+03 -1.949658549639403660e+01 3.211602771828482616e+01
1.998333935776889120e+03 -1.860240401494391449e+01 3.164956305423485716e+01
2.002136175239433214e+03 -1.259458660426924581e+01 4.129185630205504509e+01
2.005936622356417502e+03 -2.224289729673704841e+01 3.357813712954347096e+01
2.009735278091291548e+03 -1.557200128577015086e+01 3.615465883079900067e+01
2.013532143406893738e+03 -1.477810334375287837e+01 3.402201488695198606e+01
2.017327219265433087e+03 -1.380932396017417219e+01 3.282772816939945670e+01
2.021120506628485600e+03 -1.560970646975204801e+01 3.535416715427302137e+01
2.024912006457008829e+03 -1.522917649989368627e+01 3.481723172868711913e+01
2.028701719711334590e+03 -1.787191078228657659e+01 3.374472768477999551e+01
2.032489647351161693e+03 -1.753763822348336987e+01 3.800659379800065807e+01
2.036275790335574129e+03 -1.693549463922292020e+01 3.667947873036374062e+01
2.040060149623033794e+03 -1.122212702427573916e+01 3.784094394334780276e+01
2.043842726171373215e+03 -1.048053355872374226e+01 3.792934296096697011e+01
2.047623520937810099e+03 -1.942337697259948825e+01 2.879668031000574047e+01
2.051402534878940060e+03 -1.556494148316349779e+01 3.249068686231714054e+01
2.055179768950722064e+03 -1.409212295474595855e+01 3.278158333043349160e+01
2.058955224108518451e+03 -1.159189906624323108e+01 3.692963024552814488e+01
2.062728901307051274e+03 -1.229330336269376645e+01 3.174509473001892346e+01
2.066500801500435045e+03 -1.685687244504709170e+01 3.295676510503368206e+01
2.070270925642158545e+03 -1.447299632236614286e+01 2.714320922059367902e+01
2.074039274685099372e+03 -1.698206769091991930e+01 3.267875125084982812e+01
2.077805849581505754e+03 -1.512268059680044097e+01 2.909728085406059250e+01
2.081570651283022016e+03 -1.235294794163121246e+01 3.386489929157562528e+01
2.085333680740666750e+03 -1.003375575595616098e+01 3.268534064094508551e+01
2.089094938904836454e+03 -1.381603092819194245e+01 2.737112936263381613e+01
2.092854426725330995e+03 -1.360360906229616518e+01 2.989728410289931304e+01
2.096612145151320874e+03 -8.057394813638710573e+00 3.278246224278012733e+01
2.100368095131350856e+03 -1.512643115766328350e+01 3.228881168087594489e+01
2.104122277613376355e+03 -1.451339889750490819e+01 3.250193958734868716e+01
2.107874693544723414e+03 -1.220959273180766402e+01 3.063748594685361226e+01
2.111625343872110534e+03 -1.514417378507051559e+01 3.153490799097637165e+01
2.115374229541637760e+03 -1.209933507574413092e+01 2.906253389951524113e+01
2.119121351498793956e+03 -1.090762761397001590e+01 3.288186648728892436e+01
2.122866710688460444e+03 -1.046427638716495956e+01 3.230192319294648229e+01
2.126610308054907364e+03 -1.066577724226742419e+01 3.628431025950476396e+01
2.130352144541782764e+03 -1.303440127639126977e+01 2.779808237880814303e+01
2.134092221092141699e+03 -1.378145813743287462e+01 2.753732262418010990e+01
2.137830538648413494e+03 -1.335587964014494489e+01 2.842517204815901266e+01
2.141567098152430844e+03 -1.226798358746516726e+01 2.838353246474594727e+01
2.145301900545411627e+03 -1.089878461421771405e+01 2.985658303767374022e+01
2.149034946767962538e+03 -1.099397452938290520e+01 2.615071840883846832e+01
2.152766237760090007e+03 -1.017824159532416672e+01 2.956681661176752129e+01
2.156495774461189285e+03 -8.185540360043745522e+00 3.046699525705334466e+01
2.160223557810040802e+03 -1.211855501661163004e+01 2.450789797148803828e+01
2.163949588744835637e+03 -1.445106525847912593e+01 2.069845366329557379e+01
2.167673868203146412e+03 -1.642576352335239065e+01 2.099386829006071764e+01
2.171396397121941845e+03 -1.418586706432636291e+01 2.430048274476017767e+01
2.175117176437597664e+03 -6.425126130303972616e+00 3.268740103890824855e+01
2.178836207085863862e+03 -1.200998010361108825e+01 2.712034966567834005e+01
2.182553490001904720e+03 -1.174390821380867145e+01 2.494013612771952282e+01
2.186269026120276976e+03 -9.125025639140650568e+00 2.317170553607835970e+01
2.189982816374929826e+03 -1.099472245417653937e+01 2.273168477095103057e+01
2.193694861699215835e+03 -8.062794837237198919e+00 2.587297981673978597e+01
2.197405163025883667e+03 -1.015843274492865156e+01 2.511873923414364995e+01
2.201113721287078079e+03 -9.071334367664546150e+00 2.526979568945760946e+01
2.204820537414347200e+03 -7.318215240860086013e+00 2.411440463026360348e+01
2.208525612338642532e+03 -1.463777876941554901e+01 2.768092692262645116e+01
2.212228946990300756e+03 -1.071730992869270693e+01 2.982906707756881559e+01
2.215930542299076478e+03 -1.177105252116289336e+01 2.184408466926332437e+01
2.219630399194116762e+03 -1.034151032850555119e+01 2.487999552937013448e+01
2.223328518603972043e+03 -1.059179271250678589e+01 2.052801342011123964e+01
2.227024901456596126e+03 -9.161972157592821020e+00 2.540785176267246470e+01
2.230719548679346190e+03 -8.048544010302425278e+00 2.648260413471093599e+01
2.234412461198975507e+03 -1.118528133491863663e+01 2.414850408500023349e+01
2.238103639941655274e+03 -5.058872194222564289e+00 2.659290104782515485e+01
2.241793085832941870e+03 -7.554645239769144816e+00 2.561549076208657993e+01
2.245480799797816871e+03 -9.303958018711668387e+00 2.230584461561030807e+01
2.249166782760654314e+03 -6.382837474505261177e+00 2.402095675326500057e+01
2.252851035645231605e+03 -1.158261520190032101e+01 2.425138892213677622e+01
2.256533559374744073e+03 -8.199163136290135157e+00 1.976340583382569349e+01
2.260214354871786782e+03 -7.355948881049327426e+00 2.218757070934503872e+01
2.263893423058365443e+03 -8.295117287458097621e+00 2.057278622293400616e+01
2.267570764855885500e+03 -9.222982098449449495e+00 2.196681017009109027e+01
2.271246381185163045e+03 -8.642525347645300116e+00 1.886374714379891415e+01
2.274920272966439370e+03 -7.745647820068068512e+00 1.582038325740723650e+01
2.278592441119337309e+03 -5.091162053089174577e+00 2.261141394450949704e+01
2.282262886562908534e+03 -9.017872869528291702e+00 2.079042340626947194e+01
2.285931610215611727e+03 -6.230663772485835139e+00 2.738388232867356109e+01
2.289598612995312578e+03 -8.764278140858266397e+00 1.995553976511769889e+01
2.293263895819294703e+03 -7.863365233759131989e+00 2.094384325224964627e+01
2.296927459604237811e+03 -9.608421219317666129e+00 2.331780307242174644e+01
2.300589305266250449e+03 -6.023442791733957691e+00 2.447046858382673307e+01
2.304249433720851812e+03 -1.110862066269052839e+01 1.914805155809906267e+01
2.307907845882964466e+03 -2.408186452278171519e+00 1.960668017696395538e+01
2.311564542666932539e+03 -6.497396374358866744e+00 1.926897325121016280e+01
2.315219524986510805e+03 2.311018500813306897e-01 1.825970832672740940e+01
2.318872793754871964e+03 -1.186750766779712141e+00 2.063012702453900005e+01
2.322524349884595722e+03 -2.683193843863118211e+00 1.903502625946857663e+01
2.326174194287694263e+03 -2.710254942690455415e+00 2.001394178671675306e+01
2.329822327875568590e+03 -4.870744083523793067e-01 2.266282713737594889e+01
2.333468751559066732e+03 -1.217998748034101242e+00 2.278372307101377814e+01
2.337113466248432815e+03 -5.747533198728087100e+00 1.768704559660105247e+01
2.340756472853336163e+03 -6.208108674741861677e+00 1.724252006975320484e+01
2.344397772282860387e+03 -4.883818680459120820e+00 1.757857975516382254e+01
2.348037365445517935e+03 -1.838399714048719158e+00 2.030040046616256078e+01
2.351675253249220987e+03 1.428763453784548387e+00 2.516450447835131854e+01
2.355311436601317837e+03 -3.945639185338847721e+00 2.054580839372923862e+01
2.358945916408571065e+03 -2.450835650605167171e+00 2.174567556581618533e+01
2.362578693577164813e+03 7.477401315015994587e-01 2.065850059095324553e+01
2.366209769012701145e+03 -1.303970264371815624e+00 2.223060387467087651e+01
2.369839143620207324e+03 -1.714028721030943281e+00 2.026299105617185603e+01
2.373466818304124899e+03 -3.490545632707438006e+00 1.952128984536362566e+01
2.377092793968327896e+03 -1.096350691053229243e+00 2.325083031342223805e+01
2.380717071516104625e+03 1.381194036129451241e+00 2.301892690360614679e+01
2.384339651850175869e+03 2.317380566164312317e+00 2.556126451341225803e+01
2.387960535872676701e+03 3.344077642210989687e+00 2.475518394909993347e+01
2.391579724485167390e+03 6.523316239009856687e+00 2.290769720464284376e+01
2.395197218588640681e+03 6.455240632127261513e+00 2.443112342293793660e+01
2.398813019083507243e+03 5.309131089783119428e+00 2.323446007721324591e+01
2.402427126869602944e+03 4.390638334090140482e+00 3.235940563368987455e+01
2.406039542846192489e+03 1.133933612575370020e+01 3.500618133399043330e+01
2.409650267911973060e+03 1.179627643518010238e+01 3.132485663450028568e+01
2.413259302965057941e+03 2.000848121058567841e+01 4.118136645768462500e+01
2.416866648902991074e+03 2.366572960948015947e+01 4.714359905793958916e+01
2.420472306622747055e+03 2.696957233205079874e+01 5.201366727505109111e+01
2.424076277020725684e+03 3.169073617808311738e+01 5.331425626439836662e+01
2.427678560992762868e+03 3.789293781708780529e+01 6.101316417902948785e+01
2.431279159434114263e+03 3.858681856723883641e+01 5.756347105718388946e+01
2.434878073239467994e+03 3.453161916381107233e+01 5.968952865241067229e+01
2.438475303302950124e+03 2.601784293624677247e+01 4.598756770264982663e+01
2.442070850518111911e+03 2.603649699149761076e+01 4.530294443642132762e+01
2.445664715777924357e+03 2.082429869161149583e+01 3.754863028042723272e+01
2.449256899974816406e+03 1.510425623017946783e+01 3.070434003486104402e+01
2.452847404000622191e+03 1.259555900155041641e+01 2.892240494543670692e+01
2.456436228746624693e+03 1.329618339884055622e+01 3.409413469311962075e+01
2.460023375103539365e+03 5.020305605617436662e+00 2.766233203196661350e+01
2.463608843961505045e+03 1.158915433279623564e+01 3.076874771494829375e+01
2.467192636210103956e+03 1.442660358824672961e+01 3.363419194348484353e+01
2.470774752738350799e+03 9.204253449841015566e+00 2.726484880488403562e+01
2.474355194434692748e+03 1.102386925570668552e+01 2.681560915645006915e+01
2.477933962187013094e+03 1.130316654088732342e+01 3.114219324499127595e+01
2.481511056882633056e+03 1.027441114503293562e+01 2.772300865719425289e+01
2.485086479408311789e+03 9.793369117040665373e+00 2.991405753889058516e+01
2.488660230650240919e+03 5.966284370961206562e+00 2.162553832953901178e+01
2.492232311494048190e+03 6.210966789350072403e+00 2.304584588482453711e+01
2.495802722824801094e+03 6.576913274743344751e+00 1.951916127867862372e+01
2.499371465527012333e+03 8.345863292754515328e+00 2.385836236023245149e+01
2.502938540484617988e+03 7.244386907241185725e+00 2.529851536494145492e+01
2.506503948581013901e+03 8.250314375167695502e+00 2.287395961645722409e+01
2.510067690699013838e+03 6.168152996461627069e+00 2.004633529612743814e+01
2.513629767720884047e+03 6.985091800716417332e+00 2.724846130677177314e+01
2.517190180528332348e+03 5.337890757685022969e+00 2.669772138845162601e+01
2.520748930002500856e+03 1.490969720291665013e+01 3.018048938941266357e+01
2.524306017023975073e+03 8.243915052794157816e+00 2.249529979165514959e+01
2.527861442472789349e+03 5.178544585246520171e+00 2.231061500092474148e+01
2.531415207228405052e+03 9.829904232978254441e+00 2.830790672251574591e+01
2.534967312169745128e+03 1.221947049352432302e+01 2.555427232653160274e+01
2.538517758175159543e+03 1.223427879947988117e+01 2.700427141524528096e+01
2.542066546122454383e+03 4.742585704058414287e+00 2.241907207680264591e+01
2.545613676888868213e+03 1.072317203143092534e+01 2.216573751262640712e+01
2.549159151351093897e+03 7.958778421579309814e+00 2.576227302095950833e+01
2.552702970385265871e+03 9.011572374110992101e+00 2.656677637257422120e+01
2.556245134866961962e+03 5.863609282551761837e+00 2.305413834302666842e+01
2.559785645671208840e+03 5.932158901462966760e+00 2.160392776184547969e+01
2.563324503672482024e+03 7.837944237603990061e+00 1.838455142707508472e+01
2.566861709744693144e+03 4.465585592162538475e+00 1.901831010686544587e+01
2.570397264761215411e+03 6.906439495697816788e+00 2.055008415733669125e+01
2.573931169594858147e+03 4.744914428461981970e+00 1.813367416262282106e+01
2.577463425117883162e+03 7.798287302628954976e+00 2.366184667225434524e+01
2.580994032202004746e+03 6.982670376763820741e+00 1.822984655711589497e+01
2.584522991718378762e+03 7.352468033234693223e+00 2.278966075892029863e+01
2.588050304537622651e+03 6.894207452817002313e+00 2.168025991241929162e+01
2.591575971529786329e+03 8.367694401610743071e+00 1.612160043986730784e+01
2.595099993564388569e+03 6.777161137223290055e+00 2.137405480943110447e+01
2.598622371510382436e+03 8.901860543987769603e+00 2.314937261920407963e+01
2.602143106236180756e+03 7.986964242611935383e+00 2.286734358143571910e+01
2.605662198609650659e+03 7.100164687352498838e+00 2.180337740551056314e+01
2.609179649498111758e+03 5.164304751356392664e+00 1.838101499068195110e+01
2.612695459768327055e+03 1.301903086529973841e+01 2.253140030626799728e+01
2.616209630286521133e+03 5.110395539994152081e+00 2.101206917072965297e+01
2.619722161918365600e+03 9.602540705035922386e+00 2.214238872424273552e+01
2.623233055528993646e+03 9.638379502679260469e+00 2.129356783989957691e+01
2.626742311982990941e+03 9.772869187284646486e+00 2.138483369890620978e+01
2.630249932144395643e+03 9.014403855274727206e+00 2.005814022107091787e+01
2.633755916876698393e+03 1.189647355483534064e+01 2.343525360071417651e+01
2.637260267042853229e+03 9.994561660031301642e+00 1.808844577757219696e+01
2.640762983505264856e+03 1.074985654026148474e+01 2.152893243516878741e+01
2.644264067125795918e+03 7.900195933040671470e+00 1.666386810429803589e+01
2.647763518765767003e+03 1.552683043236837257e+00 1.429623974927695862e+01
2.651261339285954818e+03 6.601745424690733444e+00 2.040746407194573919e+01
2.654757529546597652e+03 1.276859295225525592e+01 2.981555655405175642e+01
2.658252090407386277e+03 1.408796091103500991e+01 2.357542660872209339e+01
2.661745022727476680e+03 1.064745954636046932e+01 1.868612907488130759e+01
2.665236327365477337e+03 1.316743450901827117e+01 2.368957703921430635e+01
2.668726005179461936e+03 1.055872120056100449e+01 1.940841983980299901e+01
2.672214057026967566e+03 1.007187758265482813e+01 1.950026904977915265e+01
2.675700483764980163e+03 1.285968766488415405e+01 2.351406162913917797e+01
2.679185286249956334e+03 1.103876516799051188e+01 2.500299478125216623e+01
2.682668465337812449e+03 7.331396174851186665e+00 1.895032458526210206e+01
2.686150021883920999e+03 3.192374963608375360e+00 2.102957001222915068e+01
2.689629956743128787e+03 3.324962204075888828e+00 1.888233482148539366e+01
2.693108270769733281e+03 1.371737765981615453e+01 2.339000843535006169e+01
2.696584964817502623e+03 1.320091212329701413e+01 2.318878629671494807e+01
2.700060039739666536e+03 1.095729579265977094e+01 2.462719401667009222e+01
2.703533496388916319e+03 8.702265425716710467e+00 2.268092238600230104e+01
2.707005335617408491e+03 1.046351150875955582e+01 2.502203189912626513e+01
2.710475558276773882e+03 1.294812249317428332e+01 2.528887933132328669e+01
2.713944165218092166e+03 1.678069840355092879e+01 3.176701842682134469e+01
2.717411157291920972e+03 1.449268414613713674e+01 3.214025476464394160e+01
2.720876535348279504e+03 1.500046392500794923e+01 2.773881355876828181e+01
2.724340300236659459e+03 1.942480915986253009e+01 2.875378452210416569e+01
2.727802452806010479e+03 1.914973146635568568e+01 3.203092967874284369e+01
2.731262993904756513e+03 2.289371641862489781e+01 2.937311590993241239e+01
2.734721924380786731e+03 1.800428337302951221e+01 3.353784343998204776e+01
2.738179245081459158e+03 2.115888762616790686e+01 2.954259715918222540e+01
2.741634956853600670e+03 2.364013615176097360e+01 3.218190594005385208e+01
2.745089060543510641e+03 2.955935554893418171e+01 3.600656737343856406e+01
2.748541556996953659e+03 2.090920469400714410e+01 3.171672882745225763e+01
2.751992447059163169e+03 2.658370477198473125e+01 2.591444994097383514e+01
2.755441731574852383e+03 2.778536019285130010e+01 3.118111983596998726e+01
2.758889411388192457e+03 2.580441064157192343e+01 2.678110973633480185e+01
2.762335487342834313e+03 2.193449588701467690e+01 2.583377681568247297e+01
2.765779960281901367e+03 2.172869463580162019e+01 2.702006029117328367e+01
2.769222831047985892e+03 2.552415742823914613e+01 2.649409636564200810e+01
2.772664100483154471e+03 2.416630708434247765e+01 2.539407197833896035e+01
2.776103769428944361e+03 2.561626366155028478e+01 3.030348312522436416e+01
2.779541838726372589e+03 2.989628958371932299e+01 3.456584304963890020e+01
2.782978309215917761e+03 2.818409513689497814e+01 2.859560829502344603e+01
2.786413181737550985e+03 3.148523932108965795e+01 3.561532157989790903e+01
2.789846457130699491e+03 2.493908135845906671e+01 3.256160552557717125e+01
2.793278136234281192e+03 2.649041220835749399e+01 3.343883864829525976e+01
2.796708219886673760e+03 2.334422566537620725e+01 3.216951691701719085e+01
2.800136708925752828e+03 2.036056887081775102e+01 3.103771246365480252e+01
2.803563604188850150e+03 2.809512693893873347e+01 3.539393091623806242e+01
2.806988906512780886e+03 1.932195667980624876e+01 3.130086213993032729e+01
2.810412616733839968e+03 2.800583360563394564e+01 3.765663468393535140e+01
2.813834735687800276e+03 2.198427105289319172e+01 3.201074375716100917e+01
2.817255264209909001e+03 2.278258987844361982e+01 3.343573737906134369e+01
2.820674203134894924e+03 2.598507719813843053e+01 3.454159510273297684e+01
2.824091553296966595e+03 2.401052478871444507e+01 3.219922931199560878e+01
2.827507315529812331e+03 2.627382456487777063e+01 3.136880798368404655e+01
2.830921490666594764e+03 2.533112395054066113e+01 3.233542994262352721e+01
2.834334079539961749e+03 2.865555174903232682e+01 3.690701021157686057e+01
2.837745082982040913e+03 2.864889299445476212e+01 3.818158082635844153e+01
2.841154501824437830e+03 3.043969555343566569e+01 3.697298169421802783e+01
2.844562336898250578e+03 2.551763261722715015e+01 3.372675553724011621e+01
2.847968589034042452e+03 2.335271452938501824e+01 3.507594213413059947e+01
2.851373259061874705e+03 3.534583919220727211e+01 3.977766118958905395e+01
2.854776347811275627e+03 3.090914208176862488e+01 3.646955408147155708e+01
2.858177856111273286e+03 3.369887809444978188e+01 3.931716770633108382e+01
2.861577784790370060e+03 3.438436043587729785e+01 4.180774505820019726e+01
2.864976134676553556e+03 4.362046713425743150e+01 4.225947180178139462e+01
2.868372906597291149e+03 4.985800098672082470e+01 4.877722794539556617e+01
2.871768101379546351e+03 6.857578082065123226e+01 4.823937520491241315e+01
2.875161719849758811e+03 9.398643540644944494e+01 6.041818255821931416e+01
2.878553762833857036e+03 1.264449401728267190e+02 7.104679502784954082e+01
2.881944231157254762e+03 1.510990092417364110e+02 8.398189111788951777e+01
2.885333125644852771e+03 1.688589819988987415e+02 8.317818036646089297e+01
2.888720447121037068e+03 1.789247585876582036e+02 9.759114759680561235e+01
2.892106196409682525e+03 1.790544395751476827e+02 9.755066208650083581e+01
2.895490374334152875e+03 1.664021384111907196e+02 9.683236196135457874e+01
2.898872981717302537e+03 1.422860882397129103e+02 8.803425947507916760e+01
2.902254019381462058e+03 1.353082014188504445e+02 9.187883489793819081e+01
2.905633488148463584e+03 1.239776321750658639e+02 9.742289406686862208e+01
2.909011388839626306e+03 1.188374490723268764e+02 1.008418625579593737e+02
2.912387722275756460e+03 1.214615285641538946e+02 9.930153476023288306e+01
2.915762489277149143e+03 1.201792629043114005e+02 1.000875752955272446e+02
2.919135690663593778e+03 1.407356766098553464e+02 1.069267055947911444e+02
2.922507327254370466e+03 1.557108589885419292e+02 1.172880979420975365e+02
2.925877399868246357e+03 1.814508362044698231e+02 1.220877004248485491e+02
2.929245909323484739e+03 1.994261378230916648e+02 1.232894320576292131e+02
2.932612856437841401e+03 2.309993582969660224e+02 1.328594673611347901e+02
2.935978242028559180e+03 2.575588622739813331e+02 1.369180833039830247e+02
2.939342066912380687e+03 2.687040426321261180e+02 1.378525933480813990e+02
2.942704331905541039e+03 2.940314699077732143e+02 1.430325457589379141e+02
2.946065037823762395e+03 3.045720600102497997e+02 1.400959780471021361e+02
2.949424185482272151e+03 3.099941934576071958e+02 1.456244407704275545e+02
2.952781775695777469e+03 2.971961417048527778e+02 1.390349118519245906e+02
2.956137809278496206e+03 2.862330128297012379e+02 1.328832759671030033e+02
2.959492287044131444e+03 2.728522893580841355e+02 1.291744149381267732e+02
2.962845209805886043e+03 2.554492106774326601e+02 1.239260253408119041e+02
2.966196578376460820e+03 2.335403731759361392e+02 1.155136882981882849e+02
2.969546393568047279e+03 2.093800433467544053e+02 1.042176357880114210e+02
2.972894656192336697e+03 1.933283514432626760e+02 9.794765510415116694e+01
2.976241367060516495e+03 1.652762969997799871e+02 9.279919307115315519e+01
2.979586526983284784e+03 1.505911289464397385e+02 8.863033141310232566e+01
2.982930136770815807e+03 1.222085072775607557e+02 7.249942343169999504e+01
2.986272197232794497e+03 1.093791080885297191e+02 7.024296744969018391e+01
2.989612709178407385e+03 9.320119766506459769e+01 6.440105568336467456e+01
2.992951673416335325e+03 7.738265395844682359e+01 5.623169192304918340e+01
2.996289090754760764e+03 7.230884527513117632e+01 5.950674312497981333e+01
2.999624962001367749e+03 6.329583549339829318e+01 5.230282166023157231e+01
3.002959287963336465e+03 6.005301727191020689e+01 5.273350723941950946e+01
3.006292069447352333e+03 5.067268580864639205e+01 4.672967438644037941e+01
3.009623307259598732e+03 5.148638184334521384e+01 4.863602807123300664e+01
3.012953002205766097e+03 5.045320125962916791e+01 5.047818520900566597e+01
3.016281155091046458e+03 5.071983174183320386e+01 5.103113473397389299e+01
3.019607766720124346e+03 4.819398038603414136e+01 4.996445873514365843e+01
3.022932837897200443e+03 4.711930492843981000e+01 5.121301190656215852e+01
3.026256369425966113e+03 4.086191856346781748e+01 4.489428660685349115e+01
3.029578362109630689e+03 4.408392945567310051e+01 4.662220378783835883e+01
3.032898816750897822e+03 4.454716807152932034e+01 5.066910682369894658e+01
3.036217734151978220e+03 4.373296193567937706e+01 4.768273525544059765e+01
3.039535115114587825e+03 4.544067389876828855e+01 5.570445349440365845e+01
3.042850960439945993e+03 4.586624186086910271e+01 4.987860856963918366e+01
3.046165270928780956e+03 4.816617071049771681e+01 5.721589938011300092e+01
3.049478047381326178e+03 5.587229756990893748e+01 5.725070543726313588e+01
3.052789290597322179e+03 5.612414728998012947e+01 6.153967862601690086e+01
3.056099001376011074e+03 6.062228812421304980e+01 6.089683419410191334e+01
3.059407180516152948e+03 6.119074026223842822e+01 6.523653846981068227e+01
3.062713828816004025e+03 6.537333172157768502e+01 6.676634313316026237e+01
3.066018947073331219e+03 6.680802881532628135e+01 6.309290586822940838e+01
3.069322536085419415e+03 6.303752098228080314e+01 5.579230748732644685e+01
3.072624596649049636e+03 6.488624980753824900e+01 5.355890335224024312e+01
3.075925129560522691e+03 6.203079621930871923e+01 5.626433979727067225e+01
3.079224135615639170e+03 5.816339115531249604e+01 5.362913214830969366e+01
3.082521615609713990e+03 5.410336256880775352e+01 5.073850633459112203e+01
3.085817570337580037e+03 5.242783132111179611e+01 4.904419832521203659e+01
3.089112000593568155e+03 4.793727205756031395e+01 4.577834296970590344e+01
3.092404907171527157e+03 5.339727960448565369e+01 4.887211939123628213e+01
3.095696290864818366e+03 5.641461629179116954e+01 5.077268941170678573e+01
3.098986152466308340e+03 4.821130263339119892e+01 4.481787527104286539e+01
3.102274492768388882e+03 5.205347865943900132e+01 4.386170456524802574e+01
3.105561312562947933e+03 4.834916183543385415e+01 4.744689783154180418e+01
3.108846612641398679e+03 5.323063760899274399e+01 5.162730835519422357e+01
3.112130393794663178e+03 4.459167785125588779e+01 4.437495407602565223e+01
3.115412656813181457e+03 4.751531976003792579e+01 4.468941377896690881e+01
3.118693402486900595e+03 5.420981603715968333e+01 4.931231948566750134e+01
3.121972631605287461e+03 4.769077107586418407e+01 4.861151556662782269e+01
3.125250344957325069e+03 4.972432434756354525e+01 4.388148030913156816e+01
3.128526543331505309e+03 5.104432681050040088e+01 4.758324179614885452e+01
3.131801227515841674e+03 5.022413968938274564e+01 4.595966643043734479e+01
3.135074398297861990e+03 4.771516874532186847e+01 4.383018994017379555e+01
3.138346056464612047e+03 4.979828069840458937e+01 4.471716426623199681e+01
3.141616202802651969e+03 5.129539848540381541e+01 4.638877463218199182e+01
3.144884838098059845e+03 5.166499927209319054e+01 4.895321256986269276e+01
3.148151963136433551e+03 5.414856785716573029e+01 4.516124645052622100e+01
3.151417578702883475e+03 5.051588551749316736e+01 4.661946133710619478e+01
3.154681685582052523e+03 5.226321911606612503e+01 4.276860535030515820e+01
3.157944284558083382e+03 4.674583570162649693e+01 4.354966993596325153e+01
3.161205376414647617e+03 5.472568877073909732e+01 4.407516333829870803e+01
3.164464961934936582e+03 5.116781556354342797e+01 4.523796064598455047e+01
3.167723041901659599e+03 5.097681780943298691e+01 4.529264323619310773e+01
3.170979617097054870e+03 5.331524823159378457e+01 4.749600311325388446e+01
3.174234688302862196e+03 5.421407098357692433e+01 4.501746800150297645e+01
3.177488256300361172e+03 5.042816553684870229e+01 4.573762282774480070e+01
3.180740321870343905e+03 4.831867151191056564e+01 4.372880936008134256e+01
3.183990885793122288e+03 5.494131377409267003e+01 4.833646363810146340e+01
3.187239948848542554e+03 5.068380056508728160e+01 4.658183364577391217e+01
3.190487511815957987e+03 4.690578088742196172e+01 4.870248793473524529e+01
3.193733575474259851e+03 4.700225490969491204e+01 4.391730984120633963e+01
3.196978140601842824e+03 4.731703646593496160e+01 4.498279134260270951e+01
3.200221207976646838e+03 4.730532461076673911e+01 4.571704097506386688e+01
3.203462778376122515e+03 4.820879895300703311e+01 5.000951299665020144e+01
3.206702852577249359e+03 4.830773567517353939e+01 4.318606356199376961e+01
3.209941431356530302e+03 4.827561837366748421e+01 4.350011875890452728e+01
3.213178515489997153e+03 4.548117918666837056e+01 4.253410218445466739e+01
3.216414105753201511e+03 4.961471199957543377e+01 4.996850353828504865e+01
3.219648202921227494e+03 4.823354304745103605e+01 4.353785608883764979e+01
3.222880807768675368e+03 4.800661661068566133e+01 4.612305751501335749e+01
3.226111921069683376e+03 5.017041093891693038e+01 4.973703443590900264e+01
3.229341543597907730e+03 5.294783530183772768e+01 4.945495502971841262e+01
3.232569676126540799e+03 5.227816411480919356e+01 4.557873551696336989e+01
3.235796319428296556e+03 5.034076869457270220e+01 4.725332452504375169e+01
3.239021474275417859e+03 5.649410565646087434e+01 4.948065269218847106e+01
3.242245141439676445e+03 5.845090685329836333e+01 5.165823102001453293e+01
3.245467321692374753e+03 5.593789484114388699e+01 5.103597417473302045e+01
3.248688015804342285e+03 5.820785135765120089e+01 5.075770025555025455e+01
3.251907224545935605e+03 6.378158901097550881e+01 5.347293307194735945e+01
3.255124948687054712e+03 6.208245922422696594e+01 5.012302400377046041e+01
3.258341188997110294e+03 6.714550577919595753e+01 5.475437138759688338e+01
3.261555946245054656e+03 6.639683978325685132e+01 5.440812583463684149e+01
3.264769221199370804e+03 6.837315023615732912e+01 5.536019302135065345e+01
3.267981014628076082e+03 6.200682566735617485e+01 5.307483813674761564e+01
3.271191327298711258e+03 6.823831455499367848e+01 6.147747115454605904e+01
3.274400159978356896e+03 7.219635389919451995e+01 5.767153412397872358e+01
3.277607513433620625e+03 6.461269835252473115e+01 5.413231101692163350e+01
3.280813388430642590e+03 6.267193698583998440e+01 4.931835387489326195e+01
3.284017785735104553e+03 6.140388960185430989e+01 5.384753121053810077e+01
3.287220706112215339e+03 6.224554894689205042e+01 5.500177724934113854e+01
3.290422150326719930e+03 5.902656071749310485e+01 5.335277430222618023e+01
3.293622119142890369e+03 6.014752498968070427e+01 5.244161571685949497e+01
3.296820613324543956e+03 5.993316402647295149e+01 5.397007517749018746e+01
3.300017633635030506e+03 5.674087538073636239e+01 5.509928101340273798e+01
3.303213180837230539e+03 5.518310856734542114e+01 5.164420034103573443e+01
3.306407255693564366e+03 5.978736079303239848e+01 5.258073817894193525e+01
3.309599858965983003e+03 5.448354634501481542e+01 5.108194355585334989e+01
3.312790991415986355e+03 5.533709715198905599e+01 4.617082849850450543e+01
3.315980653804597750e+03 5.661135994929895077e+01 5.170550930485897823e+01
3.319168846892389411e+03 5.859482738669376545e+01 5.796519713181098155e+01
3.322355571439458799e+03 5.918218950382073729e+01 5.337148545708278391e+01
3.325540828205446815e+03 6.349010501995699229e+01 5.250593989375042980e+01
3.328724617949537787e+03 6.850093222240427338e+01 5.789144988191594621e+01
3.331906941430446750e+03 7.382440262892998817e+01 5.621385736089855101e+01
3.335087799406435806e+03 7.031454433948739791e+01 5.605355033606473114e+01
3.338267192635301399e+03 7.274308080226936113e+01 5.184464379986250293e+01
3.341445121874377946e+03 6.424909715406010946e+01 5.546813477257861535e+01
3.344621587880539664e+03 6.514601435238368765e+01 5.787946946335705434e+01
3.347796591410213296e+03 6.831764300149919222e+01 5.390867641750940464e+01
3.350970133219350828e+03 6.922850096452019386e+01 5.775766770707855358e+01
3.354142214063449501e+03 6.256037764154805814e+01 5.172703291793845182e+01
3.357312834697555445e+03 7.131979050197487879e+01 5.856216633217133705e+01
3.360481995876249130e+03 7.203696590112475917e+01 5.596835794933579677e+01
3.363649698353658096e+03 7.100063372883211343e+01 5.536192669891468654e+01
3.366815942883446041e+03 7.237098136212371458e+01 5.677220109728987296e+01
3.369980730218827375e+03 7.686537892193237553e+01 5.718682522775940669e+01
3.373144061112556301e+03 7.470701129800744411e+01 5.637695580827083575e+01
3.376305936316930456e+03 7.603644562540689833e+01 5.515122902937310556e+01
3.379466356583785455e+03 7.364061415395158861e+01 5.943459407526085414e+01
3.382625322664518535e+03 7.930896909582554599e+01 5.798250801672442378e+01
3.385782835310048540e+03 7.685534303196214978e+01 5.478175948090443370e+01
3.388938895270861394e+03 7.955252702696223821e+01 5.854263207168475702e+01
3.392093503296973722e+03 8.219363912410011608e+01 6.166997772585477833e+01
3.395246660137956496e+03 8.544726718456394110e+01 6.148263930614704975e+01
3.398398366542915028e+03 8.291071230264630287e+01 5.432348618175827681e+01
3.401548623260518070e+03 8.573090859684675991e+01 6.081275230894561190e+01
3.404697431038965078e+03 8.798211564518999239e+01 6.455929115734495838e+01
3.407844790626018948e+03 8.695164181763784939e+01 6.440354404433743696e+01
3.410990702768969641e+03 8.540304105000841162e+01 5.999619786710453440e+01
3.414135168214674195e+03 8.970158645117918184e+01 6.324889565210080633e+01
3.417278187709531267e+03 9.466215925665197517e+01 6.262215934310908949e+01
3.420419761999482944e+03 9.785335922843528067e+01 6.680359477258507184e+01
3.423559891830023844e+03 1.047381184669859664e+02 6.613162595444666181e+01
3.426698577946195655e+03 1.000866543715134185e+02 6.231840483237284900e+01
3.429835821092601691e+03 9.851411344574088957e+01 6.445304453365774577e+01
3.432971622013377782e+03 1.028727890094389466e+02 6.239448801496826036e+01
3.436105981452223205e+03 1.062554817358503954e+02 6.502254906155407355e+01
3.439238900152378847e+03 1.008049399535783692e+02 6.194032384054733598e+01
3.442370378856641764e+03 1.044385696383352098e+02 6.703577924197662696e+01
3.445500418307359723e+03 1.093179625013916478e+02 6.767619505795471468e+01
3.448629019246433018e+03 1.100629474853960232e+02 7.011354346714306018e+01
3.451756182415307194e+03 1.145967839441404124e+02 6.608065991397216976e+01
3.454881908554993061e+03 1.148027624355451906e+02 6.853928406632617509e+01
3.458006198406041221e+03 1.091762336909833806e+02 6.319620123824541480e+01
3.461129052708565723e+03 1.189791141383354045e+02 6.874938078444269252e+01
3.464250472202225865e+03 1.184825319854184329e+02 7.047415967356678834e+01
3.467370457626240750e+03 1.235488492996584426e+02 6.780691225897761854e+01
3.470489009719374735e+03 1.247547842266957616e+02 6.909453579269575130e+01
3.473606129219959257e+03 1.235879143982584623e+02 6.786193031308455659e+01
3.476721816865872825e+03 1.236362926019107675e+02 6.867550739239362656e+01
3.479836073394548293e+03 1.302755761427884522e+02 7.211266172584683432e+01
3.482948899542976505e+03 1.257826277735249221e+02 6.809083538912291544e+01
3.486060296047704469e+03 1.245905981772100546e+02 6.703904839937911220e+01
3.489170263644837178e+03 1.298850460593356786e+02 6.982161421855738581e+01
3.492278803070026697e+03 1.267587815907033075e+02 7.213863596756254992e+01
3.495385915058497631e+03 1.278430564735988639e+02 6.574517091168063132e+01
3.498491600345018014e+03 1.302133996141951684e+02 6.985590795860839819e+01
3.501595859663919327e+03 1.207167021101249560e+02 6.561442070770532098e+01
3.504698693749087397e+03 1.237129109173521897e+02 6.988503502123444378e+01
3.507800103333969673e+03 1.244701392531746933e+02 6.791119241862259059e+01
3.510900089151577049e+03 1.236793540057062728e+02 6.604473262994983429e+01
3.513998651934465670e+03 1.200523014103900152e+02 6.497368002077388383e+01
3.517095792414762400e+03 1.173737096075994799e+02 6.710203278986263342e+01
3.520191511324152088e+03 1.157983776908615852e+02 6.697496527625418139e+01
3.523285809393875752e+03 1.127412402623676968e+02 6.510097937272142588e+01
3.526378687354732392e+03 1.086251072185801263e+02 6.118561344767107357e+01
3.529470145937089910e+03 9.855862166038563998e+01 5.814455257501817442e+01
3.532560185870874193e+03 1.021215129236547483e+02 5.900223476645866327e+01
3.535648807885565475e+03 9.990924611570386560e+01 5.891315479840650227e+01
3.538736012710214709e+03 9.950941345689284390e+01 5.567168716154673547e+01
3.541821801073434472e+03 9.458041943801124773e+01 5.697412653601197263e+01
3.544906173703386230e+03 9.011145475969173901e+01 5.336726489490469305e+01
3.547989131327814903e+03 8.696021734412686044e+01 5.281280618209941480e+01
3.551070674674008842e+03 8.203603569861088829e+01 5.350817822620624042e+01
3.554150804468832575e+03 7.788029902554846728e+01 5.056710278772642653e+01
3.557229521438710435e+03 6.910529299938146153e+01 4.673553023670545059e+01
3.560306826309628377e+03 6.441473976541116997e+01 4.489826087994445913e+01
3.563382719807141257e+03 6.024917332039582618e+01 3.835066119085244907e+01
3.566457202656358277e+03 6.340076995427597950e+01 4.816539122890493019e+01
3.569530275581968453e+03 5.251493396880854903e+01 4.303011373504224224e+01
3.572601939308218789e+03 5.406574749676671132e+01 4.028464709970488400e+01
3.575672194558914271e+03 4.950720402972245182e+01 4.142570959624526949e+01
3.578741042057437880e+03 4.577076640804222762e+01 4.130599681502975784e+01
3.581808482526737862e+03 4.035099685578769169e+01 4.245350575328686205e+01
3.584874516689320444e+03 4.224032522818094293e+01 3.881903326078690242e+01
3.587939145267258937e+03 3.669461621505838167e+01 3.322492863298252530e+01
3.591002368982210101e+03 3.868042908702580007e+01 3.644559956264816947e+01
3.594064188555379587e+03 3.789976812032175957e+01 3.680748425050837369e+01
3.597124604707549224e+03 3.537057510351495893e+01 3.453213552202643655e+01
3.600183618159067919e+03 2.979866652271009997e+01 3.504256483378015474e+01
3.603241229629851659e+03 2.702481553921755975e+01 3.016335157075635820e+01
3.606297439839392609e+03 2.639453591590975634e+01 3.209764943139385451e+01
3.609352249506739099e+03 2.921897309766632489e+01 3.493275258083658485e+01
3.612405659350521091e+03 2.508764550767321566e+01 3.334574164888588399e+01
3.615457670088930172e+03 2.044092293601703147e+01 3.164084919548793451e+01
3.618508282439732284e+03 2.503959045004928541e+01 3.149632672976295922e+01
3.621557497120265907e+03 2.108883783638379938e+01 2.858117497180622735e+01
3.624605314847438422e+03 2.179317870631011544e+01 2.768923762313065495e+01
3.627651736337720649e+03 1.643775194862666922e+01 2.456714623350320181e+01
3.630696762307170502e+03 2.087148249604580030e+01 2.940859206088207145e+01
3.633740393471403877e+03 1.548175261093942012e+01 2.899250944476600367e+01
3.636782630545611028e+03 1.764020501380400319e+01 2.484378870544465201e+01
3.639823474244567478e+03 1.517931187617756272e+01 2.634226468991972681e+01
3.642862925282604920e+03 1.226641438511407145e+01 2.710522561211975656e+01
3.645900984373633037e+03 1.613410029978713922e+01 2.338676230948963664e+01
3.648937652231143147e+03 1.524177794444964285e+01 2.568199135019655799e+01
3.651972929568191830e+03 1.245956150989447409e+01 2.480203794084097524e+01
3.655006817097413659e+03 1.190955321968320391e+01 2.614945712088043095e+01
3.658039315531008469e+03 1.080195432454944537e+01 2.516334540879343251e+01
3.661070425580768642e+03 9.441646963617223776e+00 2.182443930758737594e+01
3.664100147958046364e+03 1.103034023525969332e+01 2.183549595832244350e+01
3.667128483373773634e+03 1.307290790388930013e+01 2.784981932440403796e+01
3.670155432538462264e+03 1.042897306928993117e+01 2.361812072674311125e+01
3.673180996162192969e+03 1.223587848032624414e+01 2.666706450252646832e+01
3.676205174954628092e+03 1.090432132874752647e+01 2.418573666831833435e+01
3.679227969625007972e+03 9.814404414181973735e+00 2.362979797313770192e+01
3.682249380882140031e+03 7.190980060994840883e+00 2.060563221080837337e+01
3.685269409434426052e+03 8.792507805061594794e+00 2.108545939044287465e+01
3.688288055989829445e+03 9.255804718715578971e+00 2.556007289112275771e+01
3.691305321255893432e+03 1.149460015321677808e+01 2.648851793790456099e+01
3.694321205939751962e+03 8.631164539532493407e+00 2.368164724041859159e+01
3.697335710748104248e+03 1.047967507464963610e+01 2.239075382753946997e+01
3.700348836387238407e+03 9.674907980245251338e+00 2.502501494494168810e+01
3.703360583563011460e+03 1.966597942128977872e+00 1.943607191309154558e+01
3.706370952980867514e+03 1.004955474127140747e+01 2.466591912857109747e+01
3.709379945345828673e+03 6.681707138515995403e+00 2.217641357875016439e+01
3.712387561362500492e+03 8.991660899906099402e+00 2.526769775963059317e+01
3.715393801735059242e+03 8.336964032735837193e+00 2.342388226724187561e+01
3.718398667167273743e+03 5.272756536211091749e+00 2.259779706629062801e+01
3.721402158362485352e+03 1.040751375747857743e+01 2.391223114356233737e+01
3.724404276023618877e+03 9.265029038022030150e+00 2.193191245519602361e+01
3.727405020853188034e+03 6.882051054852967198e+00 2.306511377594315704e+01
3.730404393553275440e+03 5.020289437138477417e+00 2.061814911606907330e+01
3.733402394825561714e+03 6.346946353039436772e+00 2.194774458782831417e+01
3.736399025371292737e+03 5.456445428435625189e+00 2.155912601382611271e+01
3.739394285891314212e+03 6.320706641478948562e+00 2.344935334896878487e+01
3.742388177086044379e+03 7.909997891933576497e+00 2.284013808066372775e+01
3.745380699655484932e+03 6.267222501161720416e+00 2.232813492870798555e+01
3.748371854299231927e+03 1.076922739976285648e+01 2.271093183066647825e+01
3.751361641716455779e+03 7.236609948115836133e+00 2.205629454311775106e+01
3.754350062605912171e+03 3.645836821578422704e+00 1.849328005115910045e+01
3.757337117665947517e+03 4.531163480127040621e+00 2.232369520063729951e+01
3.760322807594491678e+03 7.463149894533353645e+00 2.084215237455173408e+01
3.763307133089052513e+03 9.608289724832848933e+00 2.192101588333332884e+01
3.766290094846730426e+03 5.349785440889074373e+00 2.009006339271246944e+01
3.769271693564214729e+03 1.161331384647475495e+01 2.120289504624093624e+01
3.772251929937776367e+03 7.057326790804756556e+00 1.979810343033333808e+01
3.775230804663275194e+03 7.776700242748942671e+00 1.949305952660333219e+01
3.778208318436152695e+03 8.142136903188468722e+00 2.367907574514842395e+01
3.781184471951450178e+03 1.109421637774962122e+01 2.069623601322491524e+01
3.784159265903781488e+03 9.040906580538321080e+00 2.006130379650281981e+01
3.787132700987360295e+03 3.647993440503877416e+00 2.044396721967183694e+01
3.790104777895983716e+03 1.138858754347589830e+01 2.448283431630216356e+01
3.793075497323037780e+03 8.572459325296760468e+00 2.426530657663731461e+01
3.796044859961497423e+03 8.500952032126502189e+00 1.958396735667332322e+01
3.799012866503926489e+03 7.677209882910797312e+00 2.142781281798908211e+01
3.801979517642479550e+03 7.316095168519689551e+00 2.322216614872863616e+01
3.804944814068901906e+03 8.735546263649368370e+00 2.252529213980459843e+01
3.807908756474529582e+03 8.303416649149594875e+00 2.527326717649679111e+01
3.810871345550280239e+03 1.191519590472679901e+01 2.403591822399307532e+01
3.813832581986676814e+03 3.329345048136023166e+00 1.906318859563595680e+01
3.816792466473818422e+03 9.845536458022827730e+00 2.244354062130156535e+01
3.819750999701411274e+03 3.091024336730789024e+00 2.318141920861583927e+01
3.822708182358741396e+03 5.601502792333501013e+00 2.025577985989743723e+01
3.825664015134692818e+03 7.981408445792527395e+00 2.063857085805541658e+01
3.828618498717734838e+03 1.154160070798129567e+01 2.400383696324739446e+01
3.831571633795938396e+03 1.099480425550484775e+01 2.725773549483978897e+01
3.834523421056961524e+03 7.342360510168014720e+00 2.265517096881301384e+01
3.837473861188060255e+03 9.069736038330875161e+00 1.817590637674388176e+01
3.840422954876075892e+03 6.270779099977607629e+00 2.025944711480362415e+01
3.843370702807453199e+03 4.240067562934037859e+00 1.742306142202911090e+01
3.846317105668229487e+03 8.484851573861929452e+00 2.160271305617141024e+01
3.849262164144023700e+03 9.389515093695573356e+00 1.929708453430500725e+01
3.852205878920072792e+03 9.180700739033495594e+00 2.087762770382034105e+01
3.855148250681186255e+03 1.145828304338384562e+01 2.289584482102979734e+01
3.858089280111778862e+03 1.049160225460451201e+01 2.130534341201139625e+01
3.861028967895867027e+03 7.100118879177570896e+00 1.947331885602930512e+01
3.863967314717054251e+03 1.006778381023463176e+01 2.123616376605218292e+01
3.866904321258538403e+03 5.470736137883153383e+00 1.750996578058805753e+01
3.869839988203122630e+03 7.956707129083802954e+00 1.999611884291116226e+01
3.872774316233206264e+03 1.108764434925636522e+01 2.270932749725572108e+01
3.875707306030775726e+03 1.151378587634557782e+01 2.292201755658273754e+01
3.878638958277426354e+03 1.150867578462591467e+01 1.990203283611104723e+01
3.881569273654340577e+03 1.133179748768706929e+01 2.365295228819734774e+01
3.884498252842311558e+03 1.434010934612584443e+01 2.519262394069558297e+01
3.887425896521721370e+03 9.605499318797697583e+00 2.316270167422815618e+01
3.890352205372553726e+03 9.986994593348626381e+00 2.182397439057606192e+01
3.893277180074390344e+03 7.482172995886931410e+00 1.886318189536120116e+01
3.896200821306416401e+03 9.173295475238859353e+00 1.827622591238290184e+01
3.899123129747409621e+03 7.460127350704735427e+00 1.903321152611501788e+01
3.902044106075753007e+03 7.877701564859907357e+00 2.073190931231470202e+01
3.904963750969427565e+03 1.169920912532942481e+01 2.096856077653274752e+01
3.907882065106015943e+03 8.583602568297896696e+00 2.069418449477683453e+01
3.910799049162698793e+03 9.943313287076129825e+00 2.261355876778586094e+01
3.913714703816269321e+03 8.718367655665302252e+00 2.519211161782112995e+01
3.916629029743102365e+03 8.508352763344488423e+00 1.989962473278487565e+01
3.919542027619187138e+03 8.143433320662140318e+00 1.961978741487186184e+01
3.922453698120109038e+03 9.938087273032833124e+00 2.175654783101206391e+01
3.925364041921071475e+03 1.152121553856086500e+01 2.007589877980542425e+01
