# ,Tris,A_1nM,P_1nM
5.770165059914870653e+02 7.141436039491964038e-01 -3.786744522640447030e+00 -7.969364447674593066e+00
5.814971130373232882e+02 -3.801610638961847144e+00 2.595809406623402538e+00 -5.630813966447476560e+00
5.859755551293783356e+02 -4.335790745333952145e+00 1.694906972534226952e-01 -1.411182850023124047e+00
5.904518334823769692e+02 3.170200624755580066e+00 8.546213737678954203e+00 5.915663996869852781e+00
5.949259493101963017e+02 1.647129391671796839e+00 1.747151426568029819e+01 1.157811008212274828e+01
5.993979038258657965e+02 3.082507426002393913e+00 2.156630232699126282e+01 1.896370433648780818e+01
6.038676982415636303e+02 1.460793944129363808e-01 2.257756766038460228e+01 1.466552371509476416e+01
6.083353337686348823e+02 -3.001776591077032208e-01 7.102057828222314129e+00 5.723371498712822358e+00
6.128008116175733448e+02 -2.582495864339080072e+00 5.414251159809055025e+00 2.087448013014636672e+00
6.172641329980215232e+02 -3.694003654795778857e-01 -4.300087779769910412e+00 3.556576095603304566e+00
6.217252991187997395e+02 3.607926075610521366e-01 2.684332563028419827e+00 -1.403199601854794309e-01
6.261843111878697528e+02 2.437207158615819935e+00 -5.597943500524706906e-01 3.209103932181278651e+00
6.306411704123638629e+02 1.996538121375124319e-02 1.768847542106641413e+00 2.558830836370589168e+00
6.350958779985558067e+02 6.024964584690906122e+00 6.682744930990793364e+00 1.392223030341710910e+00
6.395484351519080519e+02 1.026482944565236721e+01 9.105373884174923660e+00 3.937780923760328733e+00
6.439988430770172272e+02 6.623465962861018852e+00 1.333974440181827958e+01 5.794085081272214666e+00
6.484471029776686919e+02 9.698220133113636621e+00 3.992509319486543973e+00 1.046249812962469150e+01
6.528932160567892424e+02 8.210217139911947015e+00 5.073152801472815554e+00 4.168379826828868318e+00
6.573371835164762160e+02 5.280898107962002541e+00 8.767870861880055600e+00 5.618453115512920704e+00
6.617790065579865768e+02 8.905573125818818880e+00 8.649751757582180289e-01 7.367605340797808822e+00
6.662186863817587437e+02 7.376886683970042213e+00 3.202832247979358726e+00 7.108526814678725714e+00
6.706562241873798484e+02 4.344942701080981351e+00 9.268329885534740242e+00 5.603427521172079651e+00
6.750916211736112018e+02 9.134240792726131986e+00 1.339673374218023127e+01 8.845549422311933085e+00
6.795248785383882932e+02 1.379307034642806684e+01 2.571928641057979803e+01 1.682180309742034297e+01
6.839559974787953252e+02 1.680644500723087731e+01 3.037865184569295707e+01 1.277739940087690229e+01
6.883849791911088687e+02 2.084284259823925822e+01 2.906699178664985084e+01 1.497310420462895308e+01
6.928118248707542080e+02 1.286759421051124264e+01 2.158455204788788251e+01 1.441871466217617126e+01
6.972365357123453578e+02 2.089735428066524037e+01 2.722910238485269474e+01 2.293660925062249589e+01
7.016591129096559598e+02 1.809791591731527660e+01 3.301398841517834626e+01 4.575346437725625037e+01
7.060795576556374726e+02 2.306275678129259177e+01 5.054139061061368920e+01 6.797612375310859534e+01
7.104978711424009816e+02 2.337654955552852698e+01 7.074577038060670020e+01 7.881076328237509188e+01
7.149140545612572168e+02 2.518568061396513258e+01 7.388947316143298849e+01 5.564736545799064515e+01
7.193281091026656213e+02 2.932167926696229188e+01 5.637492854060633363e+01 2.730173358175261455e+01
7.237400359562707308e+02 2.318720822674595183e+01 4.170404775249494378e+01 1.292188908170533068e+01
7.281498363108985359e+02 2.206354123779624388e+01 3.377034024994236461e+01 6.971188394905993846e+00
7.325575113545382919e+02 2.427275929334109605e+01 3.166979285430943492e+01 1.748717262354830382e+00
7.369630622743716231e+02 2.868514653803299552e+01 4.255073134347981068e+01 1.938224139379826738e+00
7.413664902567434183e+02 3.169346619149905564e+01 5.475636769364814427e+01 7.858690673098635671e+00
7.457677964871909353e+02 3.499936763310097376e+01 7.680427171078531501e+01 2.011492863049488733e+01
7.501669821504219726e+02 3.534673112286191099e+01 1.014413479733459553e+02 3.447804237423588347e+01
7.545640484303185076e+02 3.397816621776337342e+01 1.185911051582856999e+02 4.108014249082384595e+01
7.589589965099658002e+02 3.952598025138058802e+01 1.354249246958913773e+02 4.702462838260271383e+01
7.633518275716050994e+02 4.021700078779508658e+01 1.451614326663579959e+02 5.030782869310110073e+01
7.677425427966772986e+02 3.490841544324325696e+01 1.426696501835865547e+02 4.798856468260669317e+01
7.721311433657974703e+02 3.821899708916225791e+01 1.314533467564990588e+02 3.852971026203749716e+01
7.765176304587730556e+02 4.130612694187107081e+01 1.107368748979260999e+02 3.590875046841711082e+01
7.809020052545856743e+02 4.155862131738717835e+01 9.837872776283052190e+01 2.838507265721818840e+01
7.852842689314093150e+02 4.890455027413918287e+01 8.969362526660393087e+01 2.415228756582996539e+01
7.896644226665994211e+02 4.908781781001562194e+01 7.938021418893777081e+01 2.556137435573805305e+01
7.940424676367074426e+02 5.465702312578605415e+01 6.531230991531674590e+01 1.683930941672088011e+01
7.984184050174553704e+02 5.965668731942150771e+01 4.771832590169924515e+01 1.523829514778071825e+01
8.027922359837721160e+02 5.512280942001598305e+01 4.546203497262149540e+01 5.686980228373613500e+00
8.071639617097607697e+02 5.718985120747743167e+01 3.588602996273948520e+01 1.410343074456022805e+00
8.115335833687313425e+02 5.903049567353286875e+01 3.478038023900421649e+01 6.227486738600873650e-01
8.159011021331571101e+02 5.339040323992253434e+01 3.394872239980304585e+01 -1.649199119458444329e-01
8.202665191747364588e+02 4.399028791399973670e+01 2.902140134908358959e+01 5.401272671872675346e+00
8.246298356643310399e+02 4.593830011220370579e+01 3.445178870765630563e+01 8.537985800359820132e+00
8.289910527720057871e+02 5.052735897664979348e+01 3.194806445333847478e+01 1.738670424536303472e+01
8.333501716670289170e+02 4.261328623346571476e+01 3.675942815264738783e+01 1.927300551383177663e+01
8.377071935178391868e+02 4.249396001482341489e+01 3.402581056239318968e+01 2.918790650552705301e+01
8.420621194920968264e+02 4.372045240202896821e+01 4.448546220001207985e+01 2.992602384174892904e+01
8.464149507566398825e+02 4.779698733250711484e+01 5.674369742652129389e+01 3.326926280699262861e+01
8.507656884775060462e+02 5.364970177107534255e+01 6.442150396447664207e+01 3.874087055741051699e+01
8.551143338199290156e+02 5.559148102071844733e+01 7.271497139865800818e+01 3.084921762176099946e+01
8.594608879483457713e+02 6.006809499904852601e+01 7.523232286258530621e+01 3.194527813770127977e+01
8.638053520263856626e+02 5.856339872930334423e+01 7.969389210721215022e+01 2.973200354881191743e+01
8.681477272168885975e+02 5.727007391825986815e+01 7.628840127939906779e+01 3.061052001435814418e+01
8.724880146818723006e+02 5.099633311260504342e+01 6.810305201311348355e+01 2.864929065139335762e+01
8.768262155825796071e+02 5.346338025331783683e+01 6.408718103027285906e+01 3.552211977249248775e+01
8.811623310794311692e+02 5.154323532031639843e+01 6.799178052422121254e+01 3.637419151633935144e+01
8.854963623320727493e+02 5.654851413252254133e+01 7.839864843530358485e+01 3.794691446259639633e+01
8.898283104993388406e+02 4.980717296849547893e+01 7.819094321387160562e+01 3.429431450803235748e+01
8.941581767392635811e+02 5.157309578148738183e+01 7.400852487729252971e+01 3.111135685707699849e+01
8.984859622090989433e+02 5.120478988116019536e+01 6.802291378607696970e+01 2.285488132648492865e+01
9.028116680652929062e+02 4.903342123684478793e+01 6.802275616210840781e+01 2.111291180207081197e+01
9.071352954634967318e+02 5.170410471508284900e+01 6.967922937492448909e+01 2.256765361976249551e+01
9.114568455585722404e+02 5.245199392718495801e+01 6.342523161381245700e+01 1.945576167129661371e+01
9.157763195045918110e+02 5.271593539915579640e+01 5.696691938606727490e+01 1.105750736376876375e+01
9.200937184548274672e+02 5.586218322113654722e+01 5.630248357990308250e+01 1.237688297430486273e+01
9.244090435617654293e+02 4.900999986032161360e+01 6.036647892249402503e+01 2.482909838765408495e+00
9.287222959770915622e+02 5.265782673589319529e+01 5.847229290641234911e+01 8.384173917529096798e+00
9.330334768517168413e+02 5.093251110114510993e+01 5.506248375880477397e+01 9.800656640530178265e+00
9.373425873357482487e+02 4.878835496129931926e+01 5.199522286408932814e+01 1.482909493283864322e+01
9.416496285785178770e+02 4.601951812027664346e+01 6.136083873525262788e+01 2.331859504476074108e+01
9.459546017285538255e+02 4.737627826648326845e+01 5.882450675574955312e+01 2.958535704125165466e+01
9.502575079336093040e+02 4.767144704468705640e+01 5.811324099923967879e+01 2.939455218246575896e+01
9.545583483406480809e+02 5.060110709624837000e+01 6.309812902090425268e+01 3.010376079907177882e+01
9.588571240958372073e+02 5.319213987306625313e+01 6.271218322900222120e+01 3.079054211972515986e+01
9.631538363445724826e+02 5.206273952621563694e+01 6.285802539875544426e+01 2.813257378990715551e+01
9.674484862314639031e+02 5.366303468438695745e+01 6.798216471001273931e+01 2.262078746751853942e+01
9.717410749003283854e+02 5.182758158808132976e+01 7.083731926644145460e+01 2.873926572934828982e+01
9.760316034942043188e+02 5.364448244627192253e+01 7.893364096145410258e+01 3.617203728267554652e+01
9.803200731553479272e+02 5.443612582379341802e+01 9.349601906944644725e+01 4.767812890728055208e+01
9.846064850252405449e+02 5.623063988781746048e+01 1.100533954419124711e+02 6.142109402336268431e+01
9.888908402445595129e+02 6.122991682476617825e+01 1.338562475169333084e+02 8.569191537278925352e+01
9.931731399532363866e+02 6.345129878067723439e+01 1.626614278566792109e+02 1.160232513582850515e+02
9.974533852903914521e+02 7.064370414248310226e+01 1.964540858035929887e+02 1.416749254114488394e+02
1.001731577394377382e+03 6.496477859689002798e+01 2.281115696711578948e+02 1.505824545691305048e+02
1.006007717402779235e+03 7.292982008751710055e+01 2.212610223479273373e+02 1.352541183232929143e+02
1.010281806452385354e+03 7.400673352905891988e+01 1.944469448576826380e+02 1.058909956967618200e+02
1.014553845679220103e+03 7.532459536925875909e+01 1.640764198216841123e+02 8.755114171532750333e+01
1.018823836218529323e+03 8.426840237697911107e+01 1.479829068758365338e+02 8.007307628457510873e+01
1.023091779204776685e+03 7.998464236113932202e+01 1.622673588756715617e+02 7.705552113353360255e+01
1.027357675771661889e+03 8.157517122515946539e+01 1.674661280567888753e+02 7.272055758335204700e+01
1.031621527052098827e+03 8.070939760349574499e+01 1.649476706817692957e+02 7.833943302067314107e+01
1.035883334178237419e+03 7.853214733832373895e+01 1.487157310638801846e+02 7.518649157767003999e+01
1.040143098281445418e+03 7.129005892469558603e+01 1.408835491880777226e+02 7.663467006674295590e+01
1.044400820492330240e+03 6.827880699682054910e+01 1.335202664423104579e+02 8.248802611994551626e+01
1.048656501940717135e+03 6.097155460838666841e+01 1.320597693097058709e+02 8.540440392559025895e+01
1.052910143755667377e+03 7.325052582776447707e+01 1.337474471616753817e+02 8.913571552432472345e+01
1.057161747065463715e+03 6.775517583064561222e+01 1.344287156370812681e+02 9.364836173353796767e+01
1.061411312997632194e+03 7.326456156889412341e+01 1.353585392697223142e+02 1.047945864348162104e+02
1.065658842678916699e+03 7.147905039030297303e+01 1.573826268324537523e+02 1.325017017108168602e+02
1.069904337235300773e+03 7.863464732125635237e+01 1.571316694102588372e+02 1.410394516767960340e+02
1.074147797792000347e+03 6.978845124408962874e+01 1.549468878933362248e+02 1.307091856148833813e+02
1.078389225473460101e+03 6.398163615540511273e+01 1.253119158628119294e+02 1.192892224009965503e+02
1.082628621403364377e+03 6.708465536564062859e+01 1.073768854974141504e+02 9.920767225198073902e+01
1.086865986704633542e+03 6.968298950046505524e+01 9.258983578776633294e+01 8.813159318618636462e+01
1.091101322499409434e+03 6.861886396501745367e+01 8.782184562046222709e+01 7.915124480253507500e+01
1.095334629909080832e+03 7.279549167808863785e+01 7.706279278392412380e+01 7.165161122154495388e+01
1.099565910054279811e+03 6.714686654331421778e+01 7.437884698315474452e+01 6.601239071040663475e+01
1.103795164054859924e+03 6.715422100343289458e+01 7.522794492462230664e+01 6.337288727075679162e+01
1.108022393029925297e+03 7.178579164771008436e+01 8.421463766012175256e+01 7.258916168767768795e+01
1.112247598097816081e+03 7.862331446045504890e+01 9.189109453367427705e+01 9.744692584944323244e+01
1.116470780376101175e+03 7.544200408014557979e+01 1.005883489043671943e+02 1.079814920185756364e+02
1.120691940981607331e+03 8.638286986608477491e+01 1.295162530817869992e+02 1.372016364316007184e+02
1.124911081030382775e+03 9.249139841331998468e+01 1.571583047365691073e+02 1.572309705441527967e+02
1.129128201637733582e+03 9.759954998209150290e+01 1.748096449713486891e+02 1.589413645573074518e+02
1.133343303918205493e+03 9.533098956067351537e+01 1.654491170833796332e+02 1.352833415603331559e+02
1.137556388985572994e+03 9.213498596962517695e+01 1.387857298391857057e+02 1.152650801752795360e+02
1.141767457952868426e+03 9.670410401706476478e+01 1.149903849447043740e+02 1.082959865189686752e+02
1.145976511932360154e+03 9.242405675993200020e+01 1.040890182733278380e+02 1.145116608617802285e+02
1.150183552035570756e+03 8.276539337557710496e+01 9.983824112894149039e+01 1.217563137495455976e+02
1.154388579373251559e+03 8.358520927557833602e+01 9.865799834217727948e+01 1.293632811514903551e+02
1.158591595055422658e+03 7.614515255588753462e+01 9.676032924753462794e+01 1.237815109191833471e+02
1.162792600191329257e+03 7.607042748377853059e+01 9.091327498796999862e+01 1.306000450299684417e+02
1.166991595889478049e+03 7.263452680809382400e+01 9.187535460436083667e+01 1.419098673499927372e+02
1.171188583257611754e+03 8.177277117075072965e+01 9.266341723004939013e+01 1.586073364846117784e+02
1.175383563402738218e+03 8.018694447786037927e+01 9.418277359529406567e+01 1.752290488798389561e+02
1.179576537431097677e+03 8.442238694582033531e+01 9.090875466044872155e+01 1.695667635515221718e+02
1.183767506448191853e+03 8.178020540090506074e+01 9.970173351639596149e+01 1.609255593664897788e+02
1.187956471558762132e+03 8.395497735925982852e+01 9.131881951563173061e+01 1.679086971849790189e+02
1.192143433866815030e+03 8.938849739876968670e+01 9.799748492708613412e+01 1.816813323545334242e+02
1.196328394475600362e+03 8.972948819735120196e+01 9.827740216235724802e+01 1.912210971180147681e+02
1.200511354487622157e+03 8.767336767848496493e+01 9.696084733187899474e+01 2.113235876783944605e+02
1.204692315004638658e+03 8.682650853817472125e+01 1.031249481670470232e+02 2.079556847565656881e+02
1.208871277127658686e+03 8.868646652770462424e+01 1.088128612695743413e+02 2.029818345589010278e+02
1.213048241956948914e+03 7.911102848014888878e+01 1.122797066420978354e+02 1.926077973245833164e+02
1.217223210592033865e+03 7.805874840493561351e+01 1.260623300451320574e+02 1.998466776737307100e+02
1.221396184131688642e+03 8.338833698060398092e+01 1.485841036146982788e+02 2.220902122443872031e+02
1.225567163673949835e+03 9.403159725336035990e+01 1.924837241073407768e+02 2.592143964824924751e+02
1.229736150316097337e+03 9.170891489359473780e+01 2.470524455084089368e+02 2.996591830938327803e+02
1.233903145154690719e+03 1.041156260774894236e+02 2.961066655004894983e+02 3.222037522058146806e+02
1.238068149285536492e+03 1.138137590792337051e+02 3.311168781538642634e+02 3.173066386619077548e+02
1.242231163803695381e+03 1.153866023070233950e+02 3.158074026687143032e+02 2.993320272680794005e+02
1.246392189803504152e+03 1.135176276721397244e+02 2.696336204545498276e+02 2.813425394833673181e+02
1.250551228378535598e+03 1.094088205911386922e+02 2.090743943233403570e+02 2.620061616380637588e+02
1.254708280621649465e+03 1.039197152173921950e+02 1.672022718519804130e+02 2.533443925200188005e+02
1.258863347624952439e+03 9.502405993659135675e+01 1.466476908950673987e+02 2.546207682972656130e+02
1.263016430479809060e+03 9.497126948592426743e+01 1.443429102452998904e+02 2.655663551377124350e+02
1.267167530276863545e+03 1.080264282568261933e+02 1.547453673387310573e+02 2.797235288568349461e+02
1.271316648106014327e+03 1.134896077266305383e+02 1.752821991637122210e+02 2.841980242790132252e+02
1.275463785056417692e+03 1.161286895257826473e+02 1.838599471249676753e+02 2.788350534259025153e+02
1.279608942216509604e+03 1.196014258673387758e+02 1.825451105580248168e+02 2.716970395726875722e+02
1.283752120673980244e+03 1.175556020835688287e+02 1.706322608175239566e+02 2.625977237638637689e+02
1.287893321515792195e+03 1.191489502431372784e+02 1.576424634274846994e+02 2.606472809886986397e+02
1.292032545828165894e+03 1.182017354602151045e+02 1.480758868441696450e+02 2.715758524542022769e+02
1.296169794696605095e+03 1.154690376016708342e+02 1.328044422101406781e+02 2.824996974625505572e+02
1.300305069205864129e+03 1.161441435499302770e+02 1.351282426022728487e+02 2.778348888409539086e+02
1.304438370439980645e+03 1.153346754244519161e+02 1.272471818605522458e+02 2.654756721177775489e+02
1.308569699482253782e+03 1.043588675711825999e+02 1.387408272501377269e+02 2.450083316982836550e+02
1.312699057415255083e+03 1.035361998662101541e+02 1.373478633692777748e+02 2.241166470522096006e+02
1.316826445320828498e+03 1.015731692404401656e+02 1.367509839129493230e+02 2.061407452634832680e+02
1.320951864280083100e+03 9.831192516531336878e+01 1.304673358868931246e+02 1.982097018409942848e+02
1.325075315373411286e+03 9.883885846784255591e+01 1.237536896217839057e+02 1.927482422792261332e+02
1.329196799680463300e+03 9.625634058579703378e+01 1.228261034103115890e+02 1.886953681829220386e+02
1.333316318280176347e+03 9.665697452915264876e+01 1.172875055436152252e+02 1.899520023750205837e+02
1.337433872250752756e+03 9.852163250061084909e+01 1.236746733637426132e+02 1.996298128596176866e+02
1.341549462669674540e+03 1.014880168679608232e+02 1.218710903262578995e+02 2.029968217207201633e+02
1.345663090613696113e+03 9.758754375923217594e+01 1.208884265499575577e+02 2.171163760074052789e+02
1.349774757158851571e+03 9.912663961174348515e+01 1.407762601233087025e+02 2.221781377564541344e+02
1.353884463380443776e+03 1.022865793191726880e+02 1.491684761841186173e+02 2.177329253121085912e+02
1.357992210353058908e+03 1.042272664659244583e+02 1.625916769236891923e+02 2.288504494266458096e+02
1.362097999150562828e+03 1.103826640486638553e+02 1.875627670627668522e+02 2.487882347806073540e+02
1.366201830846093799e+03 1.057644184243324617e+02 2.213409232825208619e+02 2.824199703997744564e+02
1.370303706512066128e+03 1.082403518483242806e+02 2.639724068980106040e+02 3.307214061202275843e+02
1.374403627220191993e+03 1.095250221150570269e+02 3.177109883354128215e+02 4.007597167904234539e+02
1.378501594041441422e+03 1.184096366559167564e+02 3.901592341481257336e+02 4.801321542424072959e+02
1.382597608046078676e+03 1.178997884490274828e+02 4.700027135284726683e+02 5.603346658108507654e+02
1.386691670303644059e+03 1.206189145621938223e+02 5.473563378749508956e+02 6.235061164652420302e+02
1.390783781882961193e+03 1.242153495880450009e+02 6.113466389714110392e+02 6.644372140125565238e+02
1.394873943852140656e+03 1.162705057695359301e+02 6.025816750364717791e+02 6.456876021314074023e+02
1.398962157278572704e+03 1.086774101183389121e+02 5.393599101291431452e+02 5.657496538353666438e+02
1.403048423228927277e+03 1.044795463035989087e+02 4.298654402097427010e+02 4.625451874176428646e+02
1.407132742769168544e+03 1.050224249549860360e+02 3.137175275849160698e+02 3.803164505313379777e+02
1.411215116964540357e+03 1.092304142318116646e+02 2.357359613086198351e+02 3.244304821241464651e+02
1.415295546879566245e+03 9.981407469967848556e+01 1.921866467157847183e+02 2.889344633311957296e+02
1.419374033578071248e+03 9.799394088568510597e+01 1.636600947697575066e+02 2.754597362087322381e+02
1.423450578123156447e+03 9.988826225169714235e+01 1.497625540233182164e+02 2.684782908305089677e+02
1.427525181577209878e+03 1.052820476077349667e+02 1.448233422693335797e+02 2.702474664288561144e+02
1.431597845001921087e+03 1.066346674423798504e+02 1.366629566118986077e+02 2.702811033307116304e+02
1.435668569458244747e+03 1.143860900541399133e+02 1.395638537527781864e+02 2.779754791434900199e+02
1.439737356006455229e+03 1.141612714806251461e+02 1.510280108978467979e+02 3.028367790845154559e+02
1.443804205706092034e+03 1.162708708382281202e+02 1.676032764863293778e+02 3.252547547659835345e+02
1.447869119615992531e+03 1.252587577668755330e+02 1.800788659346260374e+02 3.408039552243092203e+02
1.451932098794295598e+03 1.278007635652516001e+02 2.124478746797267377e+02 3.513824716236365475e+02
1.455993144298416155e+03 1.301844428934016378e+02 2.246779574460688309e+02 3.520859659518143872e+02
1.460052257185077906e+03 1.317706179202978092e+02 2.158325040403340154e+02 3.277348346384826527e+02
1.464109438510287873e+03 1.267831184002027385e+02 1.985653016958799526e+02 3.067127604784986943e+02
1.468164689329343673e+03 1.344458151110459312e+02 1.771137616755124782e+02 2.818875588200867242e+02
1.472218010696848069e+03 1.291468337320955015e+02 1.516382683651197567e+02 2.587676700110612273e+02
1.476269403666690778e+03 1.247132732760892395e+02 1.367962108722254015e+02 2.552631448601284774e+02
1.480318869292063027e+03 1.184004940614938732e+02 1.188603729187957470e+02 2.383580281773261049e+02
1.484366408625450276e+03 1.185795248538429405e+02 1.121913449416229014e+02 2.367737621430953823e+02
1.488412022718632215e+03 1.119896221430378773e+02 1.174378968001044541e+02 2.402074624337928981e+02
1.492455712622686406e+03 1.032916169784111844e+02 1.094889537190922510e+02 2.346798401662342712e+02
1.496497479387995554e+03 1.024558168995727101e+02 1.023075748368542008e+02 2.458635365176496634e+02
1.500537324064229324e+03 1.122173346543120260e+02 9.512718512977335195e+01 2.544889246737345729e+02
1.504575247700366162e+03 1.044824440921186124e+02 9.121387894860413326e+01 2.764415318198241494e+02
1.508611251344682387e+03 1.059706791347161925e+02 1.010665381960900504e+02 3.072923667444113107e+02
1.512645336044755823e+03 1.137759099754632643e+02 1.029377146265019292e+02 3.455993540084734832e+02
1.516677502847462165e+03 1.132114472447756270e+02 1.034928980458018941e+02 3.711654181368426180e+02
1.520707752798978618e+03 1.158467117425816468e+02 9.673474652390063966e+01 3.913338990905938317e+02
1.524736086944794806e+03 1.133142241000809918e+02 9.741736246481491435e+01 3.881014329636730054e+02
1.528762506329683674e+03 1.182691607343897431e+02 8.931468214087271917e+01 3.862798672211458779e+02
1.532787011997741502e+03 1.133829508349883781e+02 9.194497135163692292e+01 3.822045780958994783e+02
1.536809604992358800e+03 1.105123723187105043e+02 9.411573383083077715e+01 3.675678235291902638e+02
1.540830286356234865e+03 1.045546391240959565e+02 9.770731481892403281e+01 3.680089302446697275e+02
1.544849057131366862e+03 1.095372483386108797e+02 9.981294096746887590e+01 3.605958569790234378e+02
1.548865918359071657e+03 1.149024634479972065e+02 1.250205671897865614e+02 3.696959350395759429e+02
1.552880871079963981e+03 1.185089718214796903e+02 1.330038422644072398e+02 3.614540883994638989e+02
1.556893916333956440e+03 1.149067233041528198e+02 1.497993395056373629e+02 3.503235990720661448e+02
1.560905055160292250e+03 1.111412495494223549e+02 1.595893343969489706e+02 3.360893065033365019e+02
1.564914288597505220e+03 1.112879551325706871e+02 1.766779976214868384e+02 3.363191102211887937e+02
1.568921617683437944e+03 1.052656578446978983e+02 1.863504381267835015e+02 3.369243423953789716e+02
1.572927043455256353e+03 1.148013111919040057e+02 1.889877243590692615e+02 3.350462800194648025e+02
1.576930566949424247e+03 1.177047284546010815e+02 1.930241840947464880e+02 3.374660751070339302e+02
1.580932189201725123e+03 1.178522122457020487e+02 1.958472722933511250e+02 3.412070990838769831e+02
1.584931911247243988e+03 1.173169806601827077e+02 1.938512238241478371e+02 3.362685186776864157e+02
1.588929734120381909e+03 1.111391030821318964e+02 1.693699482509550762e+02 3.218515642148438474e+02
1.592925658854856010e+03 1.149203345755429382e+02 1.527139595175121940e+02 2.948127595541582195e+02
1.596919686483695841e+03 1.123601795692140968e+02 1.376133613295849045e+02 2.799665779017050227e+02
1.600911818039239733e+03 1.093916955158274504e+02 1.198113902805755515e+02 2.600740110122048918e+02
1.604902054553149355e+03 1.101816063310664049e+02 1.157050717328565952e+02 2.469091565514218019e+02
1.608890397056387883e+03 1.146594795325881933e+02 1.021557558728638924e+02 2.362450766940276026e+02
1.612876846579249104e+03 1.118739743825101414e+02 9.722932956604086030e+01 2.205128201701331818e+02
1.616861404151328315e+03 1.139353386682416840e+02 9.207219559718623714e+01 2.177564624160636413e+02
1.620844070801551425e+03 1.092427298643478935e+02 8.297329786972181864e+01 2.134957548951620083e+02
1.624824847558149486e+03 9.462694428956615411e+01 8.162313183104674863e+01 2.119136259855479238e+02
1.628803735448684165e+03 9.782544262410010560e+01 7.648922444338040805e+01 2.059888558378811467e+02
1.632780735500022274e+03 9.442866393691065241e+01 8.021887767618363796e+01 2.046996660063714444e+02
1.636755848738361237e+03 9.058480791808210597e+01 7.350710977409721636e+01 2.018926843447156898e+02
1.640729076189203624e+03 9.233007214759754788e+01 6.950820461174544107e+01 2.045228028888623157e+02
1.644700418877393531e+03 9.177532633219902891e+01 7.079191002532729726e+01 2.159594576640004107e+02
1.648669877827076562e+03 9.278110270219576705e+01 6.771081324019360181e+01 2.132538035422096527e+02
1.652637454061725293e+03 9.376896830411101291e+01 6.767810100889619207e+01 2.174853049360203840e+02
1.656603148604146554e+03 8.742692798962502820e+01 6.103673669376485122e+01 2.072233092726899031e+02
1.660566962476448680e+03 8.885202643645925491e+01 6.681599606371059963e+01 2.132322724956104594e+02
1.664528896700074256e+03 8.522932756647333008e+01 6.315342811030950543e+01 2.115084556380545564e+02
1.668488952295792842e+03 8.792312906287338592e+01 6.450267500531799669e+01 2.065700201002862286e+02
1.672447130283693696e+03 8.380694320987299761e+01 6.031993595647600159e+01 1.952582827735413957e+02
1.676403431683196686e+03 8.619768018501235929e+01 6.560261655416479698e+01 1.859124296590746326e+02
1.680357857513030467e+03 8.413336950424900351e+01 5.730709118246431899e+01 1.776975441116674119e+02
1.684310408791276132e+03 8.923174233521945098e+01 4.931422140274321464e+01 1.677462530329114543e+02
1.688261086535312643e+03 8.104357510880390691e+01 4.314301910654853600e+01 1.615264717012516940e+02
1.692209891761871404e+03 8.380942153552109630e+01 4.768532919414292337e+01 1.538893054564966860e+02
1.696156825486996240e+03 7.515977769370442729e+01 4.228883399356777772e+01 1.536223165791452629e+02
1.700101888726057950e+03 7.413435455226181148e+01 4.532192504794898014e+01 1.532650491143886029e+02
1.704045082493768859e+03 8.430902817660512483e+01 3.769912796432709001e+01 1.458537167660911109e+02
1.707986407804171904e+03 7.615756804770148847e+01 3.409197648997701435e+01 1.348169775986953027e+02
1.711925865670611529e+03 7.692748376627218931e+01 3.769149333598670637e+01 1.355306564179782072e+02
1.715863457105802809e+03 7.620522713894820299e+01 3.000238653518249521e+01 1.324960078460414934e+02
1.719799183121762326e+03 7.757396953518400551e+01 2.512458891098117419e+01 1.254984522957454374e+02
1.723733044729855465e+03 6.652334386282132073e+01 2.878759831003981162e+01 1.259097757036406620e+02
1.727665042940763669e+03 7.457283777356610699e+01 2.343626726513230096e+01 1.227664704564567728e+02
1.731595178764520824e+03 7.377483027585640230e+01 2.679064836854536225e+01 1.239298700847916734e+02
1.735523453210484149e+03 7.296550521755875707e+01 2.558927107345243712e+01 1.242144212988982872e+02
1.739449867287337838e+03 7.336027581563007516e+01 2.168743480327793804e+01 1.214797894240498408e+02
1.743374422003114887e+03 7.588532768150889751e+01 5.032797833209087912e+01 1.200824743973084878e+02
1.747297118365171627e+03 7.636284547671994005e+01 3.512177889554459398e+01 1.226938111851334270e+02
1.751217957380213193e+03 6.698574579658429684e+01 3.054366158551351873e+01 1.237081712008880459e+02
1.755136940054264414e+03 7.638166622867311162e+01 3.086566885762294987e+01 1.290234384148855042e+02
1.759054067392702564e+03 7.348740844013013884e+01 2.481260355725498812e+01 1.224457499238528726e+02
1.762969340400239162e+03 6.683313906918692737e+01 2.402131734628574122e+01 1.204620176423934481e+02
1.766882760080909065e+03 7.337617235260267989e+01 2.481140802137019818e+01 1.181789662749374656e+02
1.770794327438106848e+03 7.617536150842011011e+01 2.300336987222340213e+01 1.148656669825422796e+02
1.774704043474554055e+03 7.412595192608978323e+01 1.890227583866408168e+01 1.136967770492155978e+02
1.778611909192313760e+03 6.825158991056741797e+01 1.837216515685122431e+01 1.167668621261548196e+02
1.782517925592790561e+03 7.473858810050728607e+01 1.274885353241097619e+01 1.086171317412447479e+02
1.786422093676730583e+03 6.825904360926210757e+01 1.826742834818878691e+01 1.096550362274545023e+02
1.790324414444217837e+03 7.184795990300040103e+01 2.280445545479574321e+01 1.085303146101323364e+02
1.794224888894688775e+03 7.070707321231111564e+01 1.653342544913084566e+01 1.129367119757173441e+02
1.798123518026903184e+03 7.384671397534702919e+01 1.403934464497160661e+01 1.118678755783782890e+02
1.802020302838984207e+03 7.183490030598591147e+01 2.131404405243392830e+01 1.099030034458742193e+02
1.805915244328385597e+03 7.309269967773548160e+01 1.939225005044886530e+01 1.056852937065398237e+02
1.809808343491909909e+03 6.825117725902828170e+01 1.640787538168046922e+01 1.044069249219739959e+02
1.813699601325704862e+03 6.936221658701674642e+01 1.884901672780620174e+01 1.068220178269134522e+02
1.817589018825263338e+03 7.367422805700266508e+01 1.666396481218066583e+01 1.087366301267556992e+02
1.821476596985423384e+03 7.639758656415801852e+01 2.061238208938380012e+01 1.145875972479427674e+02
1.825362336800371850e+03 7.007412739332971796e+01 1.589141632546920846e+01 1.074269225873260893e+02
1.829246239263637108e+03 7.115824803597161008e+01 1.404328522879222874e+01 1.016293287325277106e+02
1.833128305368103611e+03 6.833204645477849226e+01 1.463293421747289358e+01 9.961831105401370223e+01
1.837008536105993699e+03 6.805812758820047748e+01 1.606501132243556640e+01 9.955624672801536690e+01
1.840886932468885789e+03 6.949561904737788609e+01 1.807058821749228628e+01 9.537202306507651883e+01
1.844763495447707101e+03 7.151008144052298121e+01 1.498310535339533089e+01 9.756121063343084643e+01
1.848638226032730017e+03 6.630977809765181519e+01 5.189258674089614942e+00 1.008261428404391609e+02
1.852511125213586638e+03 6.929081806600970594e+01 1.295490196757236845e+01 1.008494062737133845e+02
1.856382193979243311e+03 7.028796340413828148e+01 1.508822082831829903e+01 9.801935381091766430e+01
1.860251433318037016e+03 6.760134864451561043e+01 1.898468677163555185e+01 1.010151215684879844e+02
1.864118844217649894e+03 6.909919576099537153e+01 2.007990410672641701e+01 9.514324309031599114e+01
1.867984427665101975e+03 6.607042338975634266e+01 1.674278828909518779e+01 9.413458985016609404e+01
1.871848184646791196e+03 6.786478224870938902e+01 1.193662418854637508e+01 9.915552857414809296e+01
1.875710116148453380e+03 7.224596010035861582e+01 1.384767768636038454e+01 9.792309737145728832e+01
1.879570223155180429e+03 7.092965860867525407e+01 1.691608568160381765e+01 1.025825737094630767e+02
1.883428506651423959e+03 6.310278229884829670e+01 1.610736033166017478e+01 1.059501713657507480e+02
1.887284967620988027e+03 6.845518445263246576e+01 1.715765610395033036e+01 9.329780861645735968e+01
1.891139607047029131e+03 6.786586791385843753e+01 1.749823313569368111e+01 9.963940194295855690e+01
1.894992425912063482e+03 6.880556066252302116e+01 1.390701926153246859e+01 9.638004925799077682e+01
1.898843425197974284e+03 6.900163648582520182e+01 1.679984204832953765e+01 9.447748297928160355e+01
1.902692605885975354e+03 6.644001289955508582e+01 2.033800569292202454e+01 9.910774162766779227e+01
1.906539968956665689e+03 6.687583979816054125e+01 1.183925377478590235e+01 9.188281080074625606e+01
1.910385515389993088e+03 6.072747198225351895e+01 1.269582791863012972e+01 9.629043164294876078e+01
1.914229246165257791e+03 5.717572964375199263e+01 1.276269843020327244e+01 9.651140010032827377e+01
1.918071162261134305e+03 6.361555692764909509e+01 1.526169863829750284e+01 9.632452747811339577e+01
1.921911264655638661e+03 6.307126366311490528e+01 2.103763594086785815e+01 9.324322489198857511e+01
1.925749554326172074e+03 6.967610941320867823e+01 1.750874866116146222e+01 9.696855171043216615e+01
1.929586032249462733e+03 6.984315395829048612e+01 1.971425361094566142e+01 9.814990023896962157e+01
1.933420699401642196e+03 7.022800145370933933e+01 1.385046204213153942e+01 9.533738390215876279e+01
1.937253556758165359e+03 6.743555189555900142e+01 2.054248143058384812e+01 9.045268501839859709e+01
1.941084605293879576e+03 5.601182135864928568e+01 1.983698022541443606e+01 9.185522637853136985e+01
1.944913845982981002e+03 5.893332447076795688e+01 1.072745078374396144e+01 8.882263415453189737e+01
1.948741279799029144e+03 6.974064115171381673e+01 1.488035057937395322e+01 9.149874028873978205e+01
1.952566907714954141e+03 6.241306610222204654e+01 1.083073754297606683e+01 8.872406781350446181e+01
1.956390730703045847e+03 6.250236550853583140e+01 1.374450375935930424e+01 8.096966379202103781e+01
1.960212749734964746e+03 6.178283019946275090e+01 1.546096297407279962e+01 7.907684805418512042e+01
1.964032965781734674e+03 5.991588431815557669e+01 1.342747080305821328e+01 8.012980351817918745e+01
1.967851379813746462e+03 5.865768506027097828e+01 1.552942946012854009e+01 8.258499761715847853e+01
1.971667992800757929e+03 6.339321717478492246e+01 1.616962560286947337e+01 8.456636517099059347e+01
1.975482805711897527e+03 6.185377887008053222e+01 1.880255178101606361e+01 8.141691529372519653e+01
1.979295819515653420e+03 6.893029238483359222e+01 1.592635850602346181e+01 8.426948199727939937e+01
1.983107035179898958e+03 5.467095482751096824e+01 1.254166620439855251e+01 8.155709762923447670e+01
1.986916453671852651e+03 6.297067450791837473e+01 1.756986637566137688e+01 8.104907691764628908e+01
1.990724075958125468e+03 6.072511652341245281e+01 1.297621556352737571e+01 7.561468532418871291e+01
1.994529903004688094e+03 5.687794928464427358e+01 7.705636736671976905e+00 7.013716294142750485e+01
1.998333935776889120e+03 5.934976488079473711e+01 9.788066767039481419e+00 7.040482307621869040e+01
2.002136175239433214e+03 5.236360494985092373e+01 1.285355279652912941e+01 8.004964685079835363e+01
2.005936622356417502e+03 5.751312896976992306e+01 3.584853036082677136e+00 7.179137589584775014e+01
2.009735278091291548e+03 5.378039001537763397e+01 9.369468900099036546e+00 7.138639187915759976e+01
2.013532143406893738e+03 5.628325474369466974e+01 1.355389183585180035e+01 6.979219332415027566e+01
2.017327219265433087e+03 5.320996385824832942e+01 1.301575911630652627e+01 6.753134097997030949e+01
2.021120506628485600e+03 5.394882185938240582e+01 9.177379819582483833e+00 7.004035313128201778e+01
2.024912006457008829e+03 5.330439286227988305e+01 1.008719066027038025e+01 7.052430033785799424e+01
2.028701719711334590e+03 5.479694518298879302e+01 7.515113936481611745e+00 6.939181935052260997e+01
2.032489647351161693e+03 5.306517660214353782e+01 8.098288046692459830e+00 7.554054154491154804e+01
2.036275790335574129e+03 5.449287732495486125e+01 7.080256397522589396e+00 7.295232649296303862e+01
2.040060149623033794e+03 5.017094838757452635e+01 1.145397823476446320e+01 6.787413896691919035e+01
2.043842726171373215e+03 4.465833382283312858e+01 8.370442183404065872e+00 6.723141148052923199e+01
2.047623520937810099e+03 5.214932671215865412e+01 2.646216608764461853e+00 5.694955957353590748e+01
2.051402534878940060e+03 4.831391874192559044e+01 6.297799778820944994e+00 6.340196070652905291e+01
2.055179768950722064e+03 5.184244602964122350e+01 8.888561069263232639e+00 6.200818183491287527e+01
2.058955224108518451e+03 4.699184339084854400e+01 6.933541790187291554e+00 6.448958411275816616e+01
2.062728901307051274e+03 5.273075553768444479e+01 1.255186034971438858e+01 6.440390082252542925e+01
2.066500801500435045e+03 5.189210512311137791e+01 4.691920078807925165e+00 6.303614406715291807e+01
2.070270925642158545e+03 5.081103646439419208e+01 8.107473361827715053e+00 5.611836445950416419e+01
2.074039274685099372e+03 5.229107358370038128e+01 6.658585961957442123e+00 6.402950441060465891e+01
2.077805849581505754e+03 4.970775216710171662e+01 6.036661473039430348e+00 5.660837748053995711e+01
2.081570651283022016e+03 4.748353259636542134e+01 7.839394513449406077e+00 5.806001322266160969e+01
2.085333680740666750e+03 4.662919188611181198e+01 1.268019918742015761e+01 6.356875204405559998e+01
2.089094938904836454e+03 5.300493570846310831e+01 1.164430336336135952e+01 6.036543849413828866e+01
2.092854426725330995e+03 5.136207799549106312e+01 1.140932925456013436e+01 5.940796697732025677e+01
2.096612145151320874e+03 4.890674124766655950e+01 1.485989422619354627e+01 6.061635132936953596e+01
2.100368095131350856e+03 5.041149745114580583e+01 7.095257035525492029e+00 6.424823442874708235e+01
2.104122277613376355e+03 5.185536716482806696e+01 8.803306022422475507e+00 6.361514455803694545e+01
2.107874693544723414e+03 5.017086523648799812e+01 1.143155730323269381e+01 6.046492260860259194e+01
2.111625343872110534e+03 4.957673937360505079e+01 5.950291166959914335e+00 5.843749373723994722e+01
2.115374229541637760e+03 4.341388154266746824e+01 4.947388122051279424e+00 5.105299764946971663e+01
2.119121351498793956e+03 4.846346038626097652e+01 1.126094785462282744e+01 6.062545204548473521e+01
2.122866710688460444e+03 4.863010606012358039e+01 1.148436507127644290e+01 5.899345725703187782e+01
2.126610308054907364e+03 4.517477626151048753e+01 8.569911232370031939e+00 6.229948020599840675e+01
2.130352144541782764e+03 4.539698300267627928e+01 6.355855204369390776e+00 4.957317588599767078e+01
2.134092221092141699e+03 4.833469970375244884e+01 6.734081050576378402e+00 4.969025107772245065e+01
2.137830538648413494e+03 4.672498693083161925e+01 5.812422880202120723e+00 5.004574060149479919e+01
2.141567098152430844e+03 4.804429489812923748e+01 8.826167323291201683e+00 5.184075769191463223e+01
2.145301900545411627e+03 4.208772193536424311e+01 5.529486938117997852e+00 5.135089648008033691e+01
2.149034946767962538e+03 4.528140819659438421e+01 8.132422695830655357e+00 4.688442617376631461e+01
2.152766237760090007e+03 4.344525993834054134e+01 6.484236200579516662e+00 4.799912080267881720e+01
2.156495774461189285e+03 4.553703221311820926e+01 1.244943554101405425e+01 5.293440472852239509e+01
2.160223557810040802e+03 4.958086155147407226e+01 1.127531124800316320e+01 4.664864098036673568e+01
2.163949588744835637e+03 4.971399086731253192e+01 5.714848615907158091e+00 3.883729305436827417e+01
2.167673868203146412e+03 4.978772678019072373e+01 4.054191318811490419e+00 4.050026567900067676e+01
2.171396397121941845e+03 4.027270144583644651e+01 3.730075890644002357e-01 4.000574491777479125e+01
2.175117176437597664e+03 3.513375132920418764e+01 3.122532448172705699e+00 4.239537725425543613e+01
2.178836207085863862e+03 4.233978361171693905e+01 3.599341837162228330e+00 4.452426326068803064e+01
2.182553490001904720e+03 4.366167993194449082e+01 7.255680983037109399e+00 4.475642336635587526e+01
2.186269026120276976e+03 3.912298327656071706e+01 5.394872903628083805e+00 3.824660419589417870e+01
2.189982816374929826e+03 4.290872887739510588e+01 6.784723621097555224e+00 3.674223612265382144e+01
2.193694861699215835e+03 4.016806580137131277e+01 6.339108482669416844e+00 3.813993752933583892e+01
2.197405163025883667e+03 4.616525329598925964e+01 9.796259994250704040e+00 4.301636718960185135e+01
2.201113721287078079e+03 4.116757575637961963e+01 7.356121840534797229e+00 4.183360921902681184e+01
2.204820537414347200e+03 4.122327022390209095e+01 9.672328597625437396e+00 4.334862397981623872e+01
2.208525612338642532e+03 4.372891621865642264e+01 1.892340949566687414e+00 4.541370663566976873e+01
2.212228946990300756e+03 4.554406090235079319e+01 8.989670556663895695e+00 4.845829383780164790e+01
2.215930542299076478e+03 5.025460104132912420e+01 1.173747806507799396e+01 4.194484775893101869e+01
2.219630399194116762e+03 4.623512533172788608e+01 1.173074711380354529e+01 4.477544691882576444e+01
2.223328518603972043e+03 4.456891142735116773e+01 7.921954984731200966e+00 3.451716391630907310e+01
2.227024901456596126e+03 4.217917058819739395e+01 6.222495655014654403e+00 3.521657502884113455e+01
2.230719548679346190e+03 4.527323052664360148e+01 1.159171077690689344e+01 4.199397908259834367e+01
2.234412461198975507e+03 4.510730401613022877e+01 8.369281935884600898e+00 4.340678793172082806e+01
2.238103639941655274e+03 3.749868721281040962e+01 8.906963731727500999e+00 4.073132260373881763e+01
2.241793085832941870e+03 4.846110759579028127e+01 1.482912911121525212e+01 4.366004252942821040e+01
2.245480799797816871e+03 5.124431619527740622e+01 1.643282374450063799e+01 4.375819433913966350e+01
2.249166782760654314e+03 4.491445792879630972e+01 1.495297300307629484e+01 4.246247156563981662e+01
2.252851035645231605e+03 4.769825649027575309e+01 1.062375950763453147e+01 4.383812161718833522e+01
2.256533559374744073e+03 4.599788662107266646e+01 1.316350198445070419e+01 3.843078740109808678e+01
2.260214354871786782e+03 4.106121080170760251e+01 1.012831498315404133e+01 3.641457980026962105e+01
2.263893423058365443e+03 4.407918074704889477e+01 1.042971059762680852e+01 3.260985448041014934e+01
2.267570764855885500e+03 3.918878189562769876e+01 5.699890017056759461e+00 3.115676434041506582e+01
2.271246381185163045e+03 4.316047199810577695e+01 9.408475935127853518e+00 3.234104677642881143e+01
2.274920272966439370e+03 4.265362326161721285e+01 1.025297640810390476e+01 2.698657512201907593e+01
2.278592441119337309e+03 3.809591085817851308e+01 1.004301786143810205e+01 3.364679359545607440e+01
2.282262886562908534e+03 3.886055783251958928e+01 5.453230867408137783e+00 3.040849003540188278e+01
2.285931610215611727e+03 3.526736783358091998e+01 4.793191059445462088e+00 3.548989587133496570e+01
2.289598612995312578e+03 3.894976317508758257e+01 6.015217394803357820e+00 2.956911925179042555e+01
2.293263895819294703e+03 4.281761781552359025e+01 1.080613921592976112e+01 3.542226297753700237e+01
2.296927459604237811e+03 4.849678666219028855e+01 1.335706000086929635e+01 4.326923233707793770e+01
2.300589305266250449e+03 4.075858974367656629e+01 1.113247098602096230e+01 3.514734258825092184e+01
2.304249433720851812e+03 4.120089676993234207e+01 5.362747044632214966e+00 3.168477729787423414e+01
2.307907845882964466e+03 3.490315513088103216e+01 1.032256969319359996e+01 2.361089280461192175e+01
2.311564542666932539e+03 4.148062131947267517e+01 1.019219393966545795e+01 2.821047669981498984e+01
2.315219524986510805e+03 3.547954695324415297e+01 1.346058798462308914e+01 2.133069341413079201e+01
2.318872793754871964e+03 3.433209900282304261e+01 1.178146719703431700e+01 2.528359365424466887e+01
2.322524349884595722e+03 3.341561848703122450e+01 8.359150915260215697e+00 2.228621998805874682e+01
2.326174194287694263e+03 3.330310785265828599e+01 9.948320882625239392e+00 2.333797257044670914e+01
2.329822327875568590e+03 3.523162138241241337e+01 1.293360586083758790e+01 2.804782410906204859e+01
2.333468751559066732e+03 3.463564274260238562e+01 1.029817952834082462e+01 2.521140692853828114e+01
2.337113466248432815e+03 3.878491219874990747e+01 9.599816078182129786e+00 2.650071234739971260e+01
2.340756472853336163e+03 3.749314565206805128e+01 8.989235067693471137e+00 2.638176406007937658e+01
2.344397772282860387e+03 4.082433396895498845e+01 1.329102475542367756e+01 2.650864834866888486e+01
2.348037365445517935e+03 4.144133001994509868e+01 1.751833088265789229e+01 2.744082771741409488e+01
2.351675253249220987e+03 3.938493952666158293e+01 2.084461328672614400e+01 3.578391345475210983e+01
2.355311436601317837e+03 4.138616857095712476e+01 1.510197164126543612e+01 3.191729225567451067e+01
2.358945916408571065e+03 3.645226089153629800e+01 1.221516602960377895e+01 2.801703861672808671e+01
2.362578693577164813e+03 3.866756090731360018e+01 1.908856277346671959e+01 2.775546826748131934e+01
2.366209769012701145e+03 4.195493849347917603e+01 1.781776139421003791e+01 3.083871392850596749e+01
2.369839143620207324e+03 4.542988893905089753e+01 2.245409055742561577e+01 3.378763689752668142e+01
2.373466818304124899e+03 4.464821032812369594e+01 1.804736199640888117e+01 3.132596744500187924e+01
2.377092793968327896e+03 4.285129112035019716e+01 1.841266317858094226e+01 3.219207505110966849e+01
2.380717071516104625e+03 3.918360388779137793e+01 2.027061222465454193e+01 3.303416045623771424e+01
2.384339651850175869e+03 4.297699324113114017e+01 2.715666281999892817e+01 4.171919100312516093e+01
2.387960535872676701e+03 4.259697581037403324e+01 2.738109990586667664e+01 4.063300250707038686e+01
2.391579724485167390e+03 4.289375349947704308e+01 3.302266377850696699e+01 3.748872650907378556e+01
2.395197218588640681e+03 4.179363194934444437e+01 3.194197651397803384e+01 4.132225387703397246e+01
2.398813019083507243e+03 5.163315511115570189e+01 3.868626221336967319e+01 4.493693947074621065e+01
2.402427126869602944e+03 4.780918909762635849e+01 3.311874739585368843e+01 5.530805669251708423e+01
2.406039542846192489e+03 4.775764067697673454e+01 4.516347981529293065e+01 6.454572190830322143e+01
2.409650267911973060e+03 5.299942538708091888e+01 5.044989251435231381e+01 6.119520913591190947e+01
2.413259302965057941e+03 5.000608962267824609e+01 5.985293159285788533e+01 7.753243969768300303e+01
2.416866648902991074e+03 5.739240853253522801e+01 7.042604828865796662e+01 9.054533994329199231e+01
2.420472306622747055e+03 6.038812534200610571e+01 8.032826458099316369e+01 1.062773834227623411e+02
2.424076277020725684e+03 6.960620305968132016e+01 9.485129011356139017e+01 1.142349798472610019e+02
2.427678560992762868e+03 6.128981419356773586e+01 9.728673846286369553e+01 1.216473905964680853e+02
2.431279159434114263e+03 6.020581332280517017e+01 9.790696118912683232e+01 1.169787670914870432e+02
2.434878073239467994e+03 5.688092219468217081e+01 8.680315728840810152e+01 1.153565340775187451e+02
2.438475303302950124e+03 6.085326840293328132e+01 7.763830267590310541e+01 9.034654300614215572e+01
2.442070850518111911e+03 4.984386746498012144e+01 6.924138854044326763e+01 8.276085146999912467e+01
2.445664715777924357e+03 4.780736489620858265e+01 5.757273191485614916e+01 6.766441072394081857e+01
2.449256899974816406e+03 4.964956619508416225e+01 5.126292969944211109e+01 5.565610676157871239e+01
2.452847404000622191e+03 4.675071715147964824e+01 4.578990452234484110e+01 5.312825142923406929e+01
2.456436228746624693e+03 4.345200503163550820e+01 4.307373744150845596e+01 5.449827134680822383e+01
2.460023375103539365e+03 4.646707014022467774e+01 3.268693289985480988e+01 4.661068090449748524e+01
2.463608843961505045e+03 4.387703013990449108e+01 3.961749509493688493e+01 5.036052121517968772e+01
2.467192636210103956e+03 4.456157342563938073e+01 4.487392415816498215e+01 5.254611947729199528e+01
2.470774752738350799e+03 4.930061471074213841e+01 4.325045480002904696e+01 5.128646674466722288e+01
2.474355194434692748e+03 4.639044097801706812e+01 4.196508225885804677e+01 4.402172982015781599e+01
2.477933962187013094e+03 3.816710216034812220e+01 3.454859702493263285e+01 4.562702984762381675e+01
2.481511056882633056e+03 4.049418951284405921e+01 3.402546111936953821e+01 3.818551647023286932e+01
2.485086479408311789e+03 4.253949822721801866e+01 3.569151539332415268e+01 4.501479025657022248e+01
2.488660230650240919e+03 4.150223965201075771e+01 2.921605117917010830e+01 3.020972885527089602e+01
2.492232311494048190e+03 4.237568032678177588e+01 3.281408464433638983e+01 3.785959696611871550e+01
2.495802722824801094e+03 4.580901461417806786e+01 3.528549659614691336e+01 3.315972113898578755e+01
2.499371465527012333e+03 4.702756249964818380e+01 3.753671803349993752e+01 4.040400975995589761e+01
2.502938540484617988e+03 4.709569885419546154e+01 3.707849909100195873e+01 4.357900860692802780e+01
2.506503948581013901e+03 4.706586207881264272e+01 3.830464579644262813e+01 4.192244847502911398e+01
2.510067690699013838e+03 4.685278380312456648e+01 3.471971017621353894e+01 3.698827776249959243e+01
2.513629767720884047e+03 4.301935097984164713e+01 3.252219737108089248e+01 4.109119249701120680e+01
2.517190180528332348e+03 4.225815553021584492e+01 2.906377702301756472e+01 3.936280639573419649e+01
2.520748930002500856e+03 3.389055996006322857e+01 3.594208009769113232e+01 4.059157724598344430e+01
2.524306017023975073e+03 4.098139665027588308e+01 3.388467727905390348e+01 3.608249141453643460e+01
2.527861442472789349e+03 4.363105713642130468e+01 3.174147972729269895e+01 3.884669479496574240e+01
2.531415207228405052e+03 4.210946764051209357e+01 3.535612971254658987e+01 4.311209145494285622e+01
2.534967312169745128e+03 3.732692696066033022e+01 3.573526870340197092e+01 3.493098283946574156e+01
2.538517758175159543e+03 3.977669986176761086e+01 3.703225696860977223e+01 3.842030048332503611e+01
2.542066546122454383e+03 4.168002195690951339e+01 2.867126890175222798e+01 3.174790590277166302e+01
2.545613676888868213e+03 3.804499523073877754e+01 3.337012731852587422e+01 2.873123867983213131e+01
2.549159151351093897e+03 4.189298233480394629e+01 3.127500239657751990e+01 3.541736162844745195e+01
2.552702970385265871e+03 3.684033609441098633e+01 2.952466507134317908e+01 3.680802623524164119e+01
2.556245134866961962e+03 3.970847852750512175e+01 2.782346243221104487e+01 2.965721756337848092e+01
2.559785645671208840e+03 3.532706992896919473e+01 2.316911829358832620e+01 2.501188782992608139e+01
2.563324503672482024e+03 3.658740016944011586e+01 2.728518549821569650e+01 2.110051152584355805e+01
2.566861709744693144e+03 3.942336678918809412e+01 2.395636129217905363e+01 2.711611046843677286e+01
2.570397264761215411e+03 3.642494689421073417e+01 2.756664018919127557e+01 2.738524981340447084e+01
2.573931169594858147e+03 3.259979269729569751e+01 1.814511309218596580e+01 1.842795992010383088e+01
2.577463425117883162e+03 3.054284369953666101e+01 2.301771342573124457e+01 2.826441452561357437e+01
2.580994032202004746e+03 3.664659859214816606e+01 2.625138386448134042e+01 2.306171247496104115e+01
2.584522991718378762e+03 -4.858793511338944882e+00 -1.268603119808722113e+01 -8.457244242451906757e+00
2.588050304537622651e+03 3.261106912584909878e+01 2.346870624113444137e+01 2.544450416765266709e+01
2.591575971529786329e+03 3.480115590149216587e+01 2.887994207044812356e+01 2.268688988674057327e+01
2.595099993564388569e+03 3.342503081700783696e+01 2.100802755251288545e+01 2.070159996106394829e+01
2.598622371510382436e+03 3.314868740491806420e+01 2.615402442865934063e+01 2.661210270105971176e+01
2.602143106236180756e+03 3.219886849023123432e+01 2.432911713176804369e+01 2.319398912765473142e+01
2.605662198609650659e+03 2.887319459254217691e+01 1.904749446475443619e+01 1.968549449996726253e+01
2.609179649498111758e+03 3.275949719753998579e+01 2.002954895494690390e+01 1.937759801926063119e+01
2.612695459768327055e+03 2.673343351561379677e+01 2.602067483789232938e+01 1.878417197149337881e+01
2.616209630286521133e+03 3.390073141605853380e+01 2.259186279149184884e+01 2.452592230102254689e+01
2.619722161918365600e+03 3.105344703923515226e+01 2.494955380803708067e+01 2.134006825184678746e+01
2.623233055528993646e+03 2.784576426307467045e+01 2.274035126525450323e+01 2.289090554481754225e+01
2.626742311982990941e+03 2.960421182839877474e+01 2.475444763666791914e+01 2.461569575297471602e+01
2.630249932144395643e+03 3.385566509028490145e+01 2.577500927367600525e+01 2.099951612122640654e+01
2.633755916876698393e+03 2.668565508878123183e+01 2.471355443536617713e+01 2.011902192863340133e+01
2.637260267042853229e+03 3.275446086375541199e+01 2.760693405555707614e+01 2.028400634065451413e+01
2.640762983505264856e+03 2.877842019457034439e+01 2.447850829626690938e+01 2.285036875208993479e+01
2.644264067125795918e+03 3.396793520442975023e+01 2.653157569125892223e+01 2.042988219976678010e+01
2.647763518765767003e+03 4.049641996395348542e+01 2.315912178414237133e+01 2.013255817800472869e+01
2.651261339285954818e+03 3.585917852565671637e+01 2.650761394977371310e+01 2.544284095650823474e+01
2.654757529546597652e+03 2.783171375154392990e+01 2.490562180190636354e+01 3.046106413315533246e+01
2.658252090407386277e+03 3.023153787587921215e+01 2.986769445372033260e+01 2.317782781538244308e+01
2.661745022727476680e+03 3.655580247339185007e+01 3.169458204993702566e+01 2.446979891262617457e+01
2.665236327365477337e+03 3.370382512397168284e+01 3.344624706027843786e+01 2.672692209793649454e+01
2.668726005179461936e+03 3.632141768782139479e+01 3.311952056219593032e+01 2.571534792139959791e+01
2.672214057026967566e+03 3.938729275669106755e+01 3.458380561223862060e+01 2.842103439611264548e+01
2.675700483764980163e+03 3.718110043403635245e+01 3.570262012784360195e+01 2.974286837430645392e+01
2.679185286249956334e+03 3.772967730618915994e+01 3.295618542554348096e+01 3.175188378709890458e+01
2.682668465337812449e+03 4.805287689086117098e+01 3.861623369113340232e+01 3.407454169538323185e+01
2.686150021883920999e+03 5.124714877932501622e+01 3.512332322681618280e+01 4.091522617387022365e+01
2.689629956743128787e+03 4.801814474916886866e+01 3.352633107375459076e+01 3.770636752931909541e+01
2.693108270769733281e+03 4.385567391383187896e+01 4.388971329772425634e+01 3.869872121914204399e+01
2.696584964817502623e+03 4.244099040114679156e+01 4.304781409565816830e+01 3.783904156961693843e+01
2.700060039739666536e+03 4.565228914884346523e+01 4.261041521673405441e+01 4.241094949629223265e+01
2.703533496388916319e+03 4.996912817839120180e+01 4.226593066383702535e+01 4.141688096197640334e+01
2.707005335617408491e+03 4.766846437536401027e+01 4.279265257454403582e+01 4.469843213440935870e+01
2.710475558276773882e+03 5.022188114090249655e+01 4.768795330094008023e+01 4.349531662051140302e+01
2.713944165218092166e+03 4.645025910091817423e+01 5.044939485502277421e+01 4.958333658466676752e+01
2.717411157291920972e+03 4.849690115467774376e+01 5.017936427549580003e+01 5.411275470014697930e+01
2.720876535348279504e+03 5.275163327838617988e+01 5.635109576917625418e+01 5.507080960120651980e+01
2.724340300236659459e+03 4.915821423872466767e+01 5.875361270782832435e+01 5.190245768229851819e+01
2.727802452806010479e+03 5.098690593870810517e+01 5.882847946012975626e+01 5.421884000448676488e+01
2.731262993904756513e+03 5.279374244118116621e+01 6.645212923444978514e+01 5.251712392839931454e+01
2.734721924380786731e+03 4.938555263029388698e+01 5.728794829300750280e+01 5.727322404425672175e+01
2.738179245081459158e+03 5.342355750489423372e+01 6.487871693964370934e+01 5.798337217916400732e+01
2.741634956853600670e+03 5.305869490899544871e+01 6.851699018868384883e+01 5.963470106122917969e+01
2.745089060543510641e+03 5.002783044202305973e+01 7.392023110547006581e+01 6.518713730459967337e+01
2.748541556996953659e+03 5.780733808604600199e+01 6.832539432766179743e+01 6.271273665548005738e+01
2.751992447059163169e+03 5.612338564301012411e+01 7.741372059333502875e+01 6.106099810379942028e+01
2.755441731574852383e+03 5.553368824956146454e+01 7.758557258718337835e+01 6.378087461422092019e+01
2.758889411388192457e+03 6.333686737295056446e+01 8.095895035351827573e+01 6.047122942294959103e+01
2.762335487342834313e+03 6.603593128932539003e+01 7.841359877027070979e+01 6.278594376357909823e+01
2.765779960281901367e+03 6.453859348371520355e+01 7.662174673042932227e+01 6.553791262399181505e+01
2.769222831047985892e+03 6.014828292951756339e+01 7.952706063820278359e+01 6.444068995187080873e+01
2.772664100483154471e+03 6.823915938839400042e+01 8.243796026577706471e+01 6.375426452932447319e+01
2.776103769428944361e+03 6.264417595041481945e+01 8.111697920142501061e+01 6.992393464208385012e+01
2.779541838726372589e+03 6.347575733176427093e+01 8.670733838124738213e+01 7.235133504176496899e+01
2.782978309215917761e+03 6.549650286729183790e+01 8.797433810994152736e+01 6.641410379824424126e+01
2.786413181737550985e+03 6.390523417160738973e+01 9.012126978505330044e+01 7.677907538207864491e+01
2.789846457130699491e+03 7.143672755055217749e+01 8.704754914260615806e+01 7.774177133653279270e+01
2.793278136234281192e+03 6.766331819609968079e+01 8.809623973490192839e+01 7.875948529022139155e+01
2.796708219886673760e+03 7.428258312407842823e+01 8.702783957866085984e+01 7.767110352305940069e+01
2.800136708925752828e+03 7.306149857097693712e+01 8.395451855684041220e+01 7.916752639336300490e+01
2.803563604188850150e+03 7.134672956223175788e+01 9.399126889066678814e+01 8.475456935671559222e+01
2.806988906512780886e+03 8.666601172287164445e+01 9.331358091602919558e+01 8.761882041303965707e+01
2.810412616733839968e+03 7.636070776298151941e+01 9.757012993908756471e+01 9.207972615738276545e+01
2.813834735687800276e+03 8.629084506621006767e+01 9.865012273497382012e+01 9.314913228746036111e+01
2.817255264209909001e+03 8.751023783825780811e+01 9.963979372642415910e+01 9.321459735366443056e+01
2.820674203134894924e+03 9.336830437002549843e+01 1.104832785344917738e+02 1.028571968671633385e+02
2.824091553296966595e+03 9.508595830668150484e+01 1.111600505845244697e+02 1.042940150234335306e+02
2.827507315529812331e+03 9.584024985492533233e+01 1.134285954578635938e+02 1.036753696937887526e+02
2.830921490666594764e+03 9.635901224510962493e+01 1.132339299014138305e+02 1.053204144155315589e+02
2.834334079539961749e+03 1.004568713321939413e+02 1.212132171769078468e+02 1.139333667180710563e+02
2.837745082982040913e+03 1.067428068427541348e+02 1.282222937805017864e+02 1.253232870074530183e+02
2.841154501824437830e+03 1.125788815393614186e+02 1.363564648909205061e+02 1.269862641961899499e+02
2.844562336898250578e+03 1.192869400064682850e+02 1.375543810258918711e+02 1.303504698635374552e+02
2.847968589034042452e+03 1.346719727036022505e+02 1.493321268949971454e+02 1.463692585901080747e+02
2.851373259061874705e+03 1.305166068560856729e+02 1.620742570653919756e+02 1.492893055933950563e+02
2.854776347811275627e+03 1.528159812484470876e+02 1.791633888569879218e+02 1.661499828398009413e+02
2.858177856111273286e+03 1.648758437164328825e+02 1.920437435666522106e+02 1.775664490620010838e+02
2.861577784790370060e+03 1.760053225679730531e+02 2.051087594235339111e+02 1.956743769157098995e+02
2.864976134676553556e+03 1.892181140210932426e+02 2.342690077951554031e+02 2.140487477593237600e+02
2.868372906597291149e+03 2.103466294370332434e+02 2.625320102958614825e+02 2.399493186334448183e+02
2.871768101379546351e+03 2.170957339845010665e+02 2.996605245134389861e+02 2.535133657297649279e+02
2.875161719849758811e+03 2.152942441768072968e+02 3.360417344724853592e+02 2.739365495867787104e+02
2.878553762833857036e+03 2.151852421398207298e+02 3.829027473767937408e+02 2.899477585332485887e+02
2.881944231157254762e+03 2.110654663812881608e+02 4.158273976436526027e+02 3.105917683968114034e+02
2.885333125644852771e+03 2.157714033978645602e+02 4.471725914941464453e+02 3.138597798076145864e+02
2.888720447121037068e+03 2.008491180000310123e+02 4.480961077209410632e+02 3.247495725693577242e+02
2.892106196409682525e+03 2.015672818598816320e+02 4.462128735470678293e+02 3.214906690717873516e+02
2.895490374334152875e+03 2.032330846503930388e+02 4.316384487489672210e+02 3.262371392841569104e+02
2.898872981717302537e+03 2.186076914853269955e+02 4.089510694262908146e+02 3.236133694820050550e+02
2.902254019381462058e+03 2.137145195654666168e+02 3.945158145795064684e+02 3.309549031521687539e+02
2.905633488148463584e+03 2.180133531163371572e+02 3.822905808136024461e+02 3.397346192220447847e+02
2.909011388839626306e+03 2.245467337369764209e+02 3.833836028582270501e+02 3.563354237528385511e+02
2.912387722275756460e+03 2.269915445110650580e+02 3.894330383499050185e+02 3.613283720504146004e+02
2.915762489277149143e+03 2.401500692026597790e+02 3.995007072016242091e+02 3.737111214365424985e+02
2.919135690663593778e+03 2.315908086148217535e+02 4.236520829850076098e+02 3.781491310232504475e+02
2.922507327254370466e+03 2.230199104178866492e+02 4.346296192182498999e+02 3.809405228587909278e+02
2.925877399868246357e+03 2.152949028715067925e+02 4.662422642922595060e+02 3.863511984766198566e+02
2.929245909323484739e+03 2.146346411489598722e+02 4.912431577599356842e+02 3.846901921067601506e+02
2.932612856437841401e+03 2.004046908620744034e+02 5.251806282987708983e+02 3.839050433974468888e+02
2.935978242028559180e+03 1.964344452397540408e+02 5.617125748699691030e+02 3.916733602471595077e+02
2.939342066912380687e+03 1.953263683253946965e+02 5.785473968336177677e+02 3.926657281535151469e+02
2.942704331905541039e+03 1.828758673226075189e+02 6.025419598649559703e+02 3.912032220525363755e+02
2.946065037823762395e+03 1.757891803875295409e+02 6.089483497908945537e+02 3.784372645047751575e+02
2.949424185482272151e+03 1.633310421607977787e+02 6.069678197169102987e+02 3.712443991128488960e+02
2.952781775695777469e+03 1.532149849706399891e+02 5.767171483628283113e+02 3.523480070278831136e+02
2.956137809278496206e+03 1.435484871890000704e+02 5.528080854464205913e+02 3.373494585159614871e+02
2.959492287044131444e+03 1.307981473007871500e+02 5.180891074768239832e+02 3.131066713649054236e+02
2.962845209805886043e+03 1.195153027516680595e+02 4.814304282542102555e+02 2.957524066813502941e+02
2.966196578376460820e+03 1.075662312380911771e+02 4.358797523815651402e+02 2.683003365285192103e+02
2.969546393568047279e+03 1.007784757581885060e+02 3.953034912760265343e+02 2.426157980570387735e+02
2.972894656192336697e+03 8.936995004536765919e+01 3.576344768265273615e+02 2.174374683390719838e+02
2.976241367060516495e+03 8.337657096443012961e+01 3.098620237894474485e+02 2.010395512307725312e+02
2.979586526983284784e+03 6.831688212729545739e+01 2.723476474568954018e+02 1.760445208149221799e+02
2.982930136770815807e+03 6.968485812402036572e+01 2.325737575319578809e+02 1.529544988485868089e+02
2.986272197232794497e+03 5.773215520475218909e+01 2.019402038513449043e+02 1.401492926887315207e+02
2.989612709178407385e+03 5.582842988428274111e+01 1.753889475328157914e+02 1.245842653855120261e+02
2.992951673416335325e+03 6.127454117113143184e+01 1.588754662518940677e+02 1.220891264204592517e+02
2.996289090754760764e+03 5.738148913040231491e+01 1.458313884416502333e+02 1.164395971107383048e+02
2.999624962001367749e+03 5.603279398383051557e+01 1.300053784330254985e+02 1.025760095776740854e+02
3.002959287963336465e+03 5.041047364698147248e+01 1.211198607317141978e+02 9.894889057603427318e+01
3.006292069447352333e+03 5.212078658600648851e+01 1.081840275390666193e+02 8.927957064160136724e+01
3.009623307259598732e+03 4.497615554555318340e+01 1.046999058247433823e+02 8.628758533342329429e+01
3.012953002205766097e+03 4.150232965345753655e+01 9.785311302182958570e+01 8.355799425619898102e+01
3.016281155091046458e+03 4.334857113633961490e+01 1.005314883977393947e+02 9.015353861306084582e+01
3.019607766720124346e+03 4.200711415363775814e+01 9.433085609965633012e+01 8.376553718383252090e+01
3.022932837897200443e+03 4.518169351885717333e+01 9.549307043923340643e+01 8.657114082746284112e+01
3.026256369425966113e+03 5.291826757220951549e+01 9.366117866527179103e+01 8.212290895787509726e+01
3.029578362109630689e+03 4.766755099535771478e+01 9.602384010080731969e+01 8.426222058315966024e+01
3.032898816750897822e+03 4.292886945939721954e+01 9.191278562760203386e+01 8.682411485967350018e+01
3.036217734151978220e+03 4.747304059231396423e+01 9.343867941675671318e+01 8.647807445572016150e+01
3.039535115114587825e+03 4.509769942976890889e+01 9.320661931755194018e+01 9.564181766353181047e+01
3.042850960439945993e+03 5.207853549757851397e+01 1.012000256594531038e+02 9.278272786556976826e+01
3.046165270928780956e+03 5.464730736612955297e+01 1.064252175237904794e+02 1.055017311014480583e+02
3.049478047381326178e+03 5.333027372040760383e+01 1.175049703810939263e+02 1.075409613221165728e+02
3.052789290597322179e+03 5.187050801045847948e+01 1.176780902783611964e+02 1.145474613427420536e+02
3.056099001376011074e+03 5.087145630049167266e+01 1.234368431704069735e+02 1.137747711556344257e+02
3.059407180516152948e+03 5.239730162714909056e+01 1.241698947535614934e+02 1.198567177159461608e+02
3.062713828816004025e+03 4.561730418046954583e+01 1.244160570818030465e+02 1.153701247861438333e+02
3.066018947073331219e+03 4.113983517717269933e+01 1.228362912999089076e+02 1.068272827141065591e+02
3.069322536085419415e+03 4.016288845508506711e+01 1.172183013323706291e+02 9.501760965049561491e+01
3.072624596649049636e+03 4.132228593104309766e+01 1.191925253292017715e+02 8.853231607054158303e+01
3.075925129560522691e+03 3.642075557320390544e+01 1.105022577224556244e+02 8.704309035822780061e+01
3.079224135615639170e+03 3.067161841888787421e+01 9.997252392274185695e+01 8.181978873425646270e+01
3.082521615609713990e+03 2.886888526287953027e+01 9.104245884772285535e+01 7.008433734288178130e+01
3.085817570337580037e+03 2.713977500723649428e+01 8.830964967173463265e+01 7.005878929595382942e+01
3.089112000593568155e+03 2.994215032411443644e+01 8.397868865842633568e+01 6.537387063946653143e+01
3.092404907171527157e+03 2.265504707879449597e+01 8.320962117937824587e+01 6.270441350285886983e+01
3.095696290864818366e+03 1.927752969923540149e+01 8.629650273488368839e+01 6.577702455950520743e+01
3.098986152466308340e+03 2.761361654895154061e+01 8.149655112298501081e+01 5.920166230135691876e+01
3.102274492768388882e+03 2.474393505658326831e+01 8.353668631146797452e+01 5.701784292634761186e+01
3.105561312562947933e+03 2.639924640461390482e+01 7.940034555530064608e+01 6.038127610162018755e+01
3.108846612641398679e+03 1.902103892928721507e+01 8.002886809126698608e+01 5.977714096057229654e+01
3.112130393794663178e+03 2.085127258143143081e+01 7.097666345584957526e+01 5.330868096530912226e+01
3.115412656813181457e+03 2.333790471113684362e+01 7.619190069435239820e+01 5.591270238661650183e+01
3.118693402486900595e+03 1.949162915906549642e+01 8.101753158536598676e+01 5.809490456866114982e+01
3.121972631605287461e+03 1.810107611756257029e+01 7.147392968404096791e+01 5.421335613173118873e+01
3.125250344957325069e+03 1.749994440005957586e+01 7.581598724159516678e+01 5.136188071671085709e+01
3.128526543331505309e+03 1.521566503767235190e+01 7.480946052635772503e+01 5.359092392365550950e+01
3.131801227515841674e+03 2.085956920243575041e+01 7.755158458210848949e+01 5.451777646742402794e+01
3.135074398297861990e+03 2.338349349238274044e+01 7.546182579939454627e+01 5.119701967053379121e+01
3.138346056464612047e+03 1.797077903108743158e+01 7.677459736718401473e+01 5.322131675419518615e+01
3.141616202802651969e+03 1.488622753107370045e+01 7.491770956737695997e+01 5.176154507572255170e+01
3.144884838098059845e+03 1.552249235743897771e+01 7.497132877843159804e+01 5.623006243554596040e+01
3.148151963136433551e+03 1.422451559483420169e+01 7.630394259721583694e+01 4.836642564673616107e+01
3.151417578702883475e+03 2.106547161874664198e+01 7.937417441653110473e+01 5.880581849525265170e+01
3.154681685582052523e+03 1.823551145826490938e+01 7.854347001904943681e+01 4.856145333748486337e+01
3.157944284558083382e+03 2.425864783132192315e+01 7.622443780268895352e+01 5.807619649703724463e+01
3.161205376414647617e+03 1.671001416405783857e+01 7.983515630252759365e+01 4.862444536007524221e+01
3.164464961934936582e+03 2.166953953932852528e+01 8.100193116410650873e+01 5.500017714776822686e+01
3.167723041901659599e+03 2.612254346017198259e+01 8.386472338867133658e+01 6.200513512718407583e+01
3.170979617097054870e+03 2.567900371043151608e+01 8.604702262482078368e+01 6.077991048545618469e+01
3.174234688302862196e+03 2.160558730915886372e+01 8.458868739035187900e+01 5.699909689590640482e+01
3.177488256300361172e+03 2.378642624171629905e+01 8.116348767478120863e+01 5.829646420855283395e+01
3.180740321870343905e+03 2.844401857881530304e+01 8.238221343993200207e+01 5.785239005082075892e+01
3.183990885793122288e+03 2.078741047953303678e+01 8.657437301838672283e+01 6.087602465030113308e+01
3.187239948848542554e+03 2.383842029438756072e+01 8.276303798467279194e+01 5.959227272574912604e+01
3.190487511815957987e+03 2.439163358482210242e+01 7.809288618017944827e+01 6.366262561471467052e+01
3.193733575474259851e+03 2.805621230844417369e+01 8.103932049038644436e+01 6.124112620122650696e+01
3.196978140601842824e+03 2.899859094201406151e+01 8.157363160526506363e+01 6.258596390418301780e+01
3.200221207976646838e+03 3.050133888837808627e+01 8.437836514257401177e+01 6.387679589838967331e+01
3.203462778376122515e+03 2.648128861219788632e+01 8.093917590166233822e+01 6.947024930694624345e+01
3.206702852577249359e+03 2.766028780397618902e+01 8.254843079611464418e+01 5.948001082033692910e+01
3.209941431356530302e+03 3.073765552446047877e+01 8.390394287241315396e+01 6.036895169212175460e+01
3.213178515489997153e+03 2.929250405565107940e+01 7.869844823991138583e+01 5.878830258593188773e+01
3.216414105753201511e+03 2.470823610851789454e+01 8.197545971520730745e+01 6.772645866501034106e+01
3.219648202921227494e+03 2.319388343875357350e+01 7.988749102908514033e+01 5.833251611420314475e+01
3.222880807768675368e+03 2.760725904639934924e+01 8.171941546683706292e+01 6.560304966844205410e+01
3.226111921069683376e+03 2.666942607790952025e+01 8.365559037926709607e+01 6.909949740638535332e+01
3.229341543597907730e+03 2.717922487328769421e+01 8.770672788404840503e+01 6.787918399298837357e+01
3.232569676126540799e+03 2.486845422849160059e+01 8.566060286929223366e+01 6.018122786864023510e+01
3.235796319428296556e+03 2.062221898303278067e+01 7.779047936732172275e+01 5.839063804638908550e+01
3.239021474275417859e+03 1.720393217866876512e+01 8.601294841664162050e+01 6.376886211245778213e+01
3.242245141439676445e+03 1.568748414154310922e+01 8.571992809883977316e+01 6.687702006275026179e+01
3.245467321692374753e+03 1.956850693892056370e+01 8.560574044381019121e+01 6.611742079487385126e+01
3.248688015804342285e+03 2.028957172555874422e+01 8.941403079148426514e+01 6.786225855564407539e+01
3.251907224545935605e+03 1.659205009974857603e+01 9.423476283541617704e+01 6.738103126824853462e+01
3.255124948687054712e+03 2.033984194696654413e+01 9.519733454013089613e+01 6.491328529363045163e+01
3.258341188997110294e+03 1.633387744014726195e+01 9.720266807756229355e+01 6.697167080064514266e+01
3.261555946245054656e+03 1.845750213894098124e+01 9.958898681336904701e+01 6.725102268883802026e+01
3.264769221199370804e+03 1.334864788457934992e+01 9.914348860803715979e+01 6.852514050087074793e+01
3.267981014628076082e+03 1.946337006238672984e+01 9.445890053783159601e+01 6.912650933481586435e+01
3.271191327298711258e+03 1.307072749015310364e+01 9.685888831930401466e+01 7.544842976177756100e+01
3.274400159978356896e+03 1.149993023014872051e+01 1.031126795493978534e+02 6.918342873520418834e+01
3.277607513433620625e+03 1.424494837746010489e+01 9.450877033119604675e+01 7.020882788466951752e+01
3.280813388430642590e+03 1.779773695237531683e+01 9.555342324279581590e+01 6.368772219839547688e+01
3.284017785735104553e+03 1.540317979662358994e+01 8.923454851922838316e+01 6.600107336472001407e+01
3.287220706112215339e+03 1.140845293397478599e+01 8.669390372386646959e+01 6.232090422418718845e+01
3.290422150326719930e+03 1.166923693104899939e+01 8.237739704660179996e+01 6.125523718688737063e+01
3.293622119142890369e+03 1.116145159322286418e+01 8.419099658096979510e+01 6.305192712773987296e+01
3.296820613324543956e+03 1.225940369796830964e+01 8.348757879156755735e+01 6.197278804852953726e+01
3.300017633635030506e+03 1.308474719980040391e+01 8.145251173388010102e+01 6.529512676511012614e+01
3.303213180837230539e+03 1.870884511207987089e+01 8.343938322295730359e+01 6.507469939156680994e+01
3.306407255693564366e+03 1.241169487609226962e+01 8.606678497160896768e+01 6.334113029297031972e+01
3.309599858965983003e+03 1.295206797873333926e+01 7.829803117939150070e+01 6.383202958092374502e+01
3.312790991415986355e+03 1.635763517793543542e+01 8.238547804125278162e+01 5.605321425750435083e+01
3.315980653804597750e+03 1.222069824270420213e+01 8.079780610346779213e+01 6.255388914516288423e+01
3.319168846892389411e+03 7.691195024171520345e+00 8.003903593217205525e+01 6.830428959732557814e+01
3.322355571439458799e+03 1.122142355789196699e+01 8.298094874340949900e+01 6.382595448787378700e+01
3.325540828205446815e+03 1.532087700908368788e+01 9.408091881956420366e+01 6.640881525347640491e+01
3.328724617949537787e+03 1.516882657751580155e+01 9.994133547691922104e+01 7.090056774274648888e+01
3.331906941430446750e+03 1.435021247919075904e+01 1.071395678762373791e+02 6.790148486590646826e+01
3.335087799406435806e+03 1.591907167968292924e+01 1.045134338317411675e+02 7.161124948710403260e+01
3.338267192635301399e+03 1.607407048163713625e+01 1.088409081659096955e+02 6.915859076858669141e+01
3.341445121874377946e+03 1.597411281472295741e+01 9.487909347848972175e+01 7.138820661345653207e+01
3.344621587880539664e+03 1.834739221551058108e+01 9.836858514251844099e+01 7.634286738458558830e+01
3.347796591410213296e+03 1.730075192591380073e+01 1.027227627410907189e+02 7.217746350842048741e+01
3.350970133219350828e+03 1.737485481368298679e+01 1.035302199036334514e+02 7.691185498149206978e+01
3.354142214063449501e+03 2.222546614295902145e+01 1.000688844356509435e+02 7.196064339826125433e+01
3.357312834697555445e+03 1.688107390949585351e+01 1.070587732929418507e+02 7.758334325304349477e+01
3.360481995876249130e+03 2.043238593486421451e+01 1.104144008348775969e+02 7.495659499130442782e+01
3.363649698353658096e+03 1.757818756967958507e+01 1.072638157216513264e+02 7.230424948210520597e+01
3.366815942883446041e+03 1.360279937119707938e+01 1.066933842600210482e+02 7.229915640738113325e+01
3.369980730218827375e+03 1.433333582041473164e+01 1.129822066336453190e+02 7.545444807581361601e+01
3.373144061112556301e+03 1.467206769618155704e+01 1.110535020498357426e+02 7.294536116740368925e+01
3.376305936316930456e+03 1.543552621890694354e+01 1.135601686395032175e+02 7.359727698357073677e+01
3.379466356583785455e+03 2.066415748411918685e+01 1.135834139997011789e+02 7.923150345151429974e+01
3.382625322664518535e+03 1.990402212138610594e+01 1.207235862436391471e+02 7.652930346120342620e+01
3.385782835310048540e+03 1.637293608478739770e+01 1.165232821150520977e+02 7.221507807843408955e+01
3.388938895270861394e+03 1.776393571712856101e+01 1.213420350221924764e+02 7.824635404878449663e+01
3.392093503296973722e+03 1.302045010065126007e+01 1.189387061768950389e+02 7.890401418823284985e+01
3.395246660137956496e+03 1.240012965710616299e+01 1.230806507308616347e+02 7.940106703965398083e+01
3.398398366542915028e+03 1.838250103476889308e+01 1.273166496995386296e+02 7.636025899207174916e+01
3.401548623260518070e+03 1.894778549706325066e+01 1.300738323101288643e+02 8.283252855903970158e+01
3.404697431038965078e+03 2.004804670081080076e+01 1.343437663058903127e+02 8.690298403896895252e+01
3.407844790626018948e+03 1.860587199492465516e+01 1.322316218882051544e+02 8.954819956745041054e+01
3.410990702768969641e+03 2.463166002831462720e+01 1.358778640294553952e+02 8.969725657417848197e+01
3.414135168214674195e+03 2.020153354975673210e+01 1.372518807647043104e+02 8.629118034849170726e+01
3.417278187709531267e+03 1.598252019737947194e+01 1.406102347766241110e+02 8.564936438753852599e+01
3.420419761999482944e+03 1.951718862596430881e+01 1.481497017375013456e+02 9.302338855792550021e+01
3.423559891830023844e+03 1.054723657919635116e+01 1.509016041628594849e+02 8.598887112963348045e+01
3.426698577946195655e+03 1.585001596238021193e+01 1.484849735551886170e+02 8.638527969011602181e+01
3.429835821092601691e+03 1.825155394191597225e+01 1.493976547133206623e+02 9.224829927787914130e+01
3.432971622013377782e+03 1.775280783632570092e+01 1.555260234946526907e+02 8.578652977462434137e+01
3.436105981452223205e+03 1.240577158559676718e+01 1.554743518049847353e+02 8.660911272021439800e+01
3.439238900152378847e+03 1.676260593919892017e+01 1.532072541947306945e+02 8.756827756114762451e+01
3.442370378856641764e+03 1.755955959863240423e+01 1.572967863922708602e+02 9.177278552048869642e+01
3.445500418307359723e+03 1.953696707916174091e+01 1.660226082740502989e+02 9.626784036043591186e+01
3.448629019246433018e+03 1.741032667353874785e+01 1.663820874329674098e+02 9.847157073309472253e+01
3.451756182415307194e+03 1.942362083687021368e+01 1.748143489038131975e+02 9.507453077118270812e+01
3.454881908554993061e+03 2.413071354785665790e+01 1.785525130824646567e+02 9.974003569001274627e+01
3.458006198406041221e+03 2.576383748466491852e+01 1.726736127495421442e+02 9.615811846622932535e+01
3.461129052708565723e+03 1.585618420830064679e+01 1.773818289649939288e+02 9.469912632166438016e+01
3.464250472202225865e+03 1.993597581152312159e+01 1.810541765711407152e+02 1.007305076899046981e+02
3.467370457626240750e+03 1.730698310856178068e+01 1.868259170183534934e+02 9.648189201303785012e+01
3.470489009719374735e+03 1.458681985930797964e+01 1.864016940519525178e+02 9.710482330270360762e+01
3.473606129219959257e+03 2.013519041157792344e+01 1.904487545531565047e+02 1.011301109406256273e+02
3.476721816865872825e+03 2.029334451671979878e+01 1.887881203435267707e+02 9.913790342192714888e+01
3.479836073394548293e+03 1.753333215431189274e+01 1.949548508982513795e+02 1.014008420747552464e+02
3.482948899542976505e+03 2.162552083739387854e+01 1.946266593639854818e+02 9.881084082300662885e+01
3.486060296047704469e+03 2.107436230584607983e+01 1.918847485050039268e+02 9.652913434656693425e+01
3.489170263644837178e+03 1.984911157443843877e+01 1.976377691548407256e+02 9.977984657279739622e+01
3.492278803070026697e+03 1.751729416595480870e+01 1.911586728138152012e+02 1.013060338378970755e+02
3.495385915058497631e+03 1.383919128950537925e+01 1.888599477668101372e+02 9.026166022674237865e+01
3.498491600345018014e+03 1.022586433867513733e+01 1.905100332932049696e+02 9.311802345628734656e+01
3.501595859663919327e+03 2.011128678412137560e+01 1.867995409802622362e+02 9.506285535308029466e+01
3.504698693749087397e+03 1.998328721195366597e+01 1.886148773069344315e+02 9.913942281614231433e+01
3.507800103333969673e+03 1.839583146319455409e+01 1.882101541974411703e+02 9.299532171837995520e+01
3.510900089151577049e+03 1.726974104539840482e+01 1.852500054135416576e+02 9.040012682373503594e+01
3.513998651934465670e+03 1.724573224892924372e+01 1.815931901440678757e+02 9.123224225785611452e+01
3.517095792414762400e+03 1.258504201178402582e+01 1.720194107639090362e+02 8.887094599021952490e+01
3.520191511324152088e+03 1.621158373883122295e+01 1.734772944707387978e+02 9.135300414069183716e+01
3.523285809393875752e+03 1.404393606903840919e+01 1.679481102484128314e+02 8.618681060623680423e+01
3.526378687354732392e+03 1.431958314718872316e+01 1.613699744929267581e+02 8.245996182116732598e+01
3.529470145937089910e+03 2.320348064328163673e+01 1.553533247275604481e+02 8.061351768241547688e+01
3.532560185870874193e+03 1.546449520987084725e+01 1.524213945343365140e+02 7.573385430936355078e+01
3.535648807885565475e+03 1.361532707042010770e+01 1.473225767362373517e+02 7.234708537992196398e+01
3.538736012710214709e+03 7.375711674873627999e+00 1.400445814597303524e+02 6.373687850113947206e+01
3.541821801073434472e+03 8.694846143540416961e+00 1.335269998238102289e+02 6.706944165924937806e+01
3.544906173703386230e+03 8.488899382207364397e+00 1.269220927336250497e+02 6.080710952777894818e+01
3.547989131327814903e+03 9.632662330359380576e+00 1.242546977490278550e+02 6.096124875243344832e+01
3.551070674674008842e+03 1.067910533322242372e+01 1.178787123473346128e+02 5.881994001419707274e+01
3.554150804468832575e+03 7.739346695650283436e+00 1.091268511324587962e+02 5.509977905151458799e+01
3.557229521438710435e+03 1.185643129702407350e+01 9.988712619535431259e+01 5.168762199539560243e+01
3.560306826309628377e+03 9.742630192291471758e+00 9.167148628839163393e+01 4.679322710065957835e+01
3.563382719807141257e+03 1.341986473923088852e+01 8.817120310729205812e+01 3.886121270882495082e+01
3.566457202656358277e+03 3.164065814312380098e+00 8.275539527592718514e+01 4.490211983397671247e+01
3.569530275581968453e+03 8.934772611347170823e+00 7.244610181311122687e+01 4.238145019671742375e+01
3.572601939308218789e+03 4.848048351005900258e+00 7.274844192749083049e+01 4.018501847137622462e+01
3.575672194558914271e+03 7.453728495873065185e+00 6.523726024815596247e+01 3.880084522408560588e+01
3.578741042057437880e+03 6.314262876134534963e+00 5.946285320826518728e+01 3.512520727224205075e+01
3.581808482526737862e+03 9.995118855330929364e+00 5.406424510279521201e+01 3.998524457239204821e+01
3.584874516689320444e+03 3.651178798175351403e+00 5.207749933680133836e+01 3.110134681916406407e+01
3.587939145267258937e+03 6.419708131466450141e+00 4.708779085895389471e+01 2.377922992471940233e+01
3.591002368982210101e+03 4.605693165066668371e+00 4.665916779140752624e+01 2.573978144282364156e+01
3.594064188555379587e+03 2.344312148201652235e+00 4.393757259448284458e+01 2.368077321742816821e+01
3.597124604707549224e+03 1.127163490360544529e+00 3.852757001461827713e+01 1.975791033555492504e+01
3.600183618159067919e+03 5.102561778498966305e+00 3.438892311070026153e+01 2.466651738416203443e+01
3.603241229629851659e+03 6.768536800413585297e+00 3.304037551581427579e+01 1.877363348976109592e+01
3.606297439839392609e+03 8.935095256531440100e+00 3.159382973966671670e+01 1.997397503006891384e+01
3.609352249506739099e+03 -6.456303003412813268e-01 2.785756423629777601e+01 1.750976729986859937e+01
3.612405659350521091e+03 -1.086535313302192662e-01 2.319500169135676515e+01 1.505699666137365966e+01
3.615457670088930172e+03 -8.672537692518744734e-02 1.387010240678455375e+01 1.384331103891167913e+01
3.618508282439732284e+03 1.494487924352824848e+00 2.299385154723972846e+01 1.295919344910316795e+01
3.621557497120265907e+03 6.287047036294779900e+00 2.362516662409075252e+01 1.597899120683564433e+01
3.624605314847438422e+03 4.890642571593389221e+00 2.120045335418308241e+01 1.105986229899690443e+01
3.627651736337720649e+03 9.386133587091535446e+00 2.060700740742549897e+01 1.122099130014794355e+01
3.630696762307170502e+03 3.814357818894222873e-01 1.676050737812511215e+01 1.005171502907819558e+01
3.633740393471403877e+03 4.506015456335489944e+00 1.250754541440414869e+01 1.005321494791996884e+01
3.636782630545611028e+03 4.007947030329660265e+00 1.385564995487402484e+01 4.958565594232823059e+00
3.639823474244567478e+03 3.609366291438163898e+00 1.180826653635381263e+01 9.808367364021023604e+00
3.642862925282604920e+03 4.569952430831563106e+00 9.122543107576575494e+00 1.105645910188036396e+01
3.645900984373633037e+03 4.081534892351101007e+00 1.302697099264673852e+01 5.660970088136082268e+00
3.648937652231143147e+03 6.374838830198768846e+00 1.250883791139222012e+01 7.978175421362493580e+00
3.651972929568191830e+03 8.019913154947289513e+00 1.070475257073599096e+01 6.828142902549188875e+00
3.655006817097413659e+03 2.003378103193426796e+00 5.308027178186648598e+00 6.765738868228254432e+00
3.658039315531008469e+03 4.768131688667608614e+00 7.309590685489183670e+00 8.027741628973899424e+00
3.661070425580768642e+03 7.647991346366779908e+00 6.445848149918447234e+00 5.084133330580471011e+00
3.664100147958046364e+03 7.419944000940176920e+00 9.694553701619270214e+00 5.180536423306193683e+00
3.667128483373773634e+03 6.969656739689980895e+00 1.154390651250650990e+01 1.196716393394194711e+01
3.670155432538462264e+03 9.430124400826798592e+00 9.810147713638798450e+00 9.370751249228078450e+00
3.673180996162192969e+03 5.216536124447884504e+00 7.390786922691177097e+00 9.008604237864574316e+00
3.676205174954628092e+03 8.516597617458955938e+00 8.495803808314803973e+00 7.266022598559402468e+00
3.679227969625007972e+03 4.626210166815553748e+00 5.490612139176846540e+00 6.066403523017015686e+00
3.682249380882140031e+03 8.843953361674493863e+00 4.431261934108988498e+00 2.230627901531761381e+00
3.685269409434426052e+03 5.859157819988467963e+00 5.086641393605987105e+00 1.595611454970594423e+00
3.688288055989829445e+03 8.490242255883231337e+00 6.967860156514689152e+00 1.077594564102037111e+01
3.691305321255893432e+03 8.511498965606278944e+00 9.934614934667251873e+00 1.011992261842578955e+01
3.694321205939751962e+03 9.776238302592901164e+00 7.346054496375927556e+00 7.921764683186893308e+00
3.697335710748104248e+03 9.677247766747086644e+00 1.132433962544382666e+01 9.582006156017996545e+00
3.700348836387238407e+03 9.962270336759729616e+00 9.476462410611247833e+00 1.025454026182160305e+01
3.703360583563011460e+03 1.204466757162458634e+01 7.376799354794911778e-01 5.328319524449170785e+00
3.706370952980867514e+03 2.718212330811411448e+00 2.703035084997509330e+00 4.363895215403545080e+00
3.709379945345828673e+03 1.056851422694353460e+01 5.863642904176685988e+00 4.820280593061170293e+00
3.712387561362500492e+03 5.114137594775456819e+00 2.776170235176323331e+00 8.091366318395103008e+00
3.715393801735059242e+03 1.050927410922054150e+01 8.630567034331306786e+00 1.034653982355780499e+01
3.718398667167273743e+03 1.107431137167600355e+01 3.837350344679634873e+00 8.598942425697941871e+00
3.721402158362485352e+03 6.976179637573977743e+00 7.292616729856035818e+00 6.180513982414368002e+00
3.724404276023618877e+03 1.049727369465790616e+01 7.852622302690178913e+00 3.715330078405258973e+00
3.727405020853188034e+03 8.772427498452771033e+00 3.784425613833718671e+00 5.949152337771238308e+00
3.730404393553275440e+03 8.738410054667383520e+00 2.449603113092280182e+00 4.981607466097557335e+00
3.733402394825561714e+03 1.036334925295682297e+01 4.276202406045513271e+00 5.998445940216925010e+00
3.736399025371292737e+03 1.113301226557450718e+01 3.605862099717342062e+00 5.507188625824255723e+00
3.739394285891314212e+03 4.004957853283940494e+00 -1.666398508765496445e+00 2.986776682873369282e+00
3.742388177086044379e+03 4.590778432463821446e+00 1.143217879738585907e+00 8.516190351156183169e-01
3.745380699655484932e+03 1.119921388624879910e+01 5.676946164718401633e+00 7.468213352120756099e+00
3.748371854299231927e+03 4.208759086447571462e+00 6.386741963256554300e+00 2.610378981635676610e+00
3.751361641716455779e+03 3.363609087413578891e+00 2.251667408704633999e-01 3.214026636241214874e+00
3.754350062605912171e+03 6.356422237287915777e+00 -1.375248614972406358e+00 -7.954684928110964393e-01
3.757337117665947517e+03 7.191922846104944256e+00 -4.269022914083961950e-01 2.445936368886577839e+00
3.760322807594491678e+03 1.019353943696660281e+01 7.431252228641596957e+00 6.179799246880975261e+00
3.763307133089052513e+03 5.978751853961284723e+00 4.651718145665427073e+00 7.136962651341036690e-01
3.766290094846730426e+03 7.818938202046183505e+00 3.046129643113772545e+00 5.557491965909321152e+00
3.769271693564214729e+03 3.063446838537402073e+00 6.002451853717730046e+00 -5.595005680556823791e-01
3.772251929937776367e+03 6.959683564690067215e+00 2.833279797685918311e+00 1.126142283986382608e+00
3.775230804663275194e+03 5.271831544409906201e+00 2.928122537159424610e+00 2.327102863898744545e-01
3.778208318436152695e+03 2.705549812338631455e+00 4.636446772803992644e-01 2.881986669043726579e+00
3.781184471951450178e+03 1.683166644930452094e+00 5.561653061461584002e+00 2.741821199899277417e+00
3.784159265903781488e+03 3.521278465437262639e+00 3.272008196741126085e+00 1.101590217758712242e-01
3.787132700987360295e+03 8.925206907219717323e+00 3.581535989410440379e-01 4.216153450125148083e+00
3.790104777895983716e+03 1.352475667847556906e-01 3.357770214879110426e+00 2.438640009029541034e+00
3.793075497323037780e+03 6.199166453345696937e+00 3.871387221803843204e+00 6.627251657456781686e+00
3.796044859961497423e+03 6.123676730272109126e+00 5.139622743548898143e+00 1.797980987140590514e+00
3.799012866503926489e+03 5.821375907960600671e+00 2.504217201010533245e+00 1.235588564881481943e+00
3.801979517642479550e+03 6.498559571007035629e+00 2.144726289995332991e+00 4.820333256893718499e+00
3.804944814068901906e+03 3.137545870808935433e+00 2.585964718406557949e+00 3.289990779366235074e+00
3.807908756474529582e+03 4.889109551838600964e+00 2.574234366720702383e+00 7.321200731481440016e+00
3.810871345550280239e+03 5.891447401510731652e+00 6.932245241709779293e+00 3.264322635724965949e+00
3.813832581986676814e+03 9.277521490206027011e+00 1.188175893544439532e+00 4.195045952995997141e+00
3.816792466473818422e+03 3.369460378298299474e+00 4.458239376998562875e+00 1.183142438580944145e+00
3.819750999701411274e+03 8.115340939557654565e+00 -1.647054785697719126e+00 4.490395397544489242e+00
3.822708182358741396e+03 7.409548665192687622e+00 2.015605639744535438e+00 2.398072642115039343e+00
3.825664015134692818e+03 7.776214089375343974e+00 5.593684414329118226e+00 2.650330119065301915e+00
3.828618498717734838e+03 1.658645136470795478e+00 5.736733466591431352e+00 5.176801925940480942e+00
3.831571633795938396e+03 3.911828953602025649e+00 4.884125183479909538e+00 1.092094846157169741e+01
3.834523421056961524e+03 6.171248799612840230e+00 4.480290637926600539e+00 4.830764049508843527e+00
3.837473861188060255e+03 5.461117699710030138e+00 6.711027946392732701e+00 1.960572374984849375e+00
3.840422954876075892e+03 9.562457176288035043e+00 5.721553779265832418e+00 7.136115206769545694e+00
3.843370702807453199e+03 1.072435090319572737e+01 1.577478945138409472e+00 -9.405800399497366016e-01
3.846317105668229487e+03 7.256352557861418973e+00 6.574049542870398000e+00 5.463539588469302544e+00
3.849262164144023700e+03 4.777258185129994672e+00 5.227251851414735029e+00 1.332519217051412852e+00
3.852205878920072792e+03 4.445504237365184963e+00 4.764654012114419857e+00 3.171254147540366830e+00
3.855148250681186255e+03 1.371954158106746036e+00 5.883274131677580954e+00 3.897429342789109796e+00
3.858089280111778862e+03 3.328250940432326388e+00 5.413739404416901380e+00 1.710163401274940043e+00
3.861028967895867027e+03 5.887795612785794219e+00 3.992680275237148635e+00 2.197380137043637660e+00
3.863967314717054251e+03 5.014756286989950240e+00 5.822051410241328995e+00 2.488272324075751385e+00
3.866904321258538403e+03 8.133043011770041630e+00 3.356491765361852231e+00 -1.063609070615257224e+00
3.869839988203122630e+03 4.373724657752973144e+00 2.948741078682587613e+00 2.730936314120071984e+00
3.872774316233206264e+03 3.456183822233697356e+00 5.449622306033461427e+00 2.170005088017887829e+00
3.875707306030775726e+03 2.171019965510367911e+00 6.070762101886316486e+00 4.409644390136008951e+00
3.878638958277426354e+03 2.602153964286571863e+00 6.153896405568730188e+00 1.113966033183032778e+00
3.881569273654340577e+03 7.586582537044250785e-01 3.828491386260338913e+00 4.186766398869622208e+00
3.884498252842311558e+03 1.450287394107817818e+00 8.852511992864720014e+00 7.538776607941599650e+00
3.887425896521721370e+03 2.397578457286954290e+00 1.343923994890815266e+00 -1.370708582808219944e-01
3.890352205372553726e+03 -7.566648676699969656e-01 6.470663499592319567e-01 -1.458679527379899810e+00
3.893277180074390344e+03 2.695366455035127728e+00 3.538571485992179078e-01 -2.615552949101356717e+00
3.896200821306416401e+03 5.698447304644560063e+00 5.150777148070346811e+00 -6.390439561307630356e-01
3.899123129747409621e+03 3.597795548068233984e+00 1.196133537912373868e+00 -1.458482211079399349e+00
3.902044106075753007e+03 3.934793609607140752e+00 2.102112051031099327e+00 2.918385808971606821e+00
3.904963750969427565e+03 -3.451446805524938100e-01 3.535094677845222577e+00 1.305459899872403184e-01
3.907882065106015943e+03 3.391134321422441644e+00 3.300746867661246142e+00 3.331417783376764419e+00
3.910799049162698793e+03 5.812657242415298242e+00 7.083638268087270262e+00 7.369014473960305622e+00
3.913714703816269321e+03 8.073576312090153806e-01 -7.418665039052712018e-01 2.042965256771140048e+00
3.916629029743102365e+03 -1.394155044753460970e+00 -4.717594834960436856e-02 1.290181126338893591e+00
3.919542027619187138e+03 -2.099088318643225648e+00 -2.657672467306042563e+00 -3.165814169231225605e+00
3.922453698120109038e+03 1.537412566541433989e+00 2.981030553720984244e+00 6.900526978511152265e-01
3.925364041921071475e+03 -2.682368271489622202e+00 1.168387040722336678e+00 -3.327615074798814021e+00
